37977632075418696137141376717309876680546925567505205060179049924496070180304
16644579070211941586899820082486543516335074936652809204907902228035363672121
8973893566413165011668662928024069829124059711167653331334768647122408874558
47647063823710141652566074545668990510514149954334299874754197226902775580396
52384266637208420490585587314562329632817421954118542074801705030846124913651
2349593663608430864702524666186052139895848923356731669907162402343827780041
19805206660816957679279609257995887928535334928435545542904903305609745260131
51470550563177137776011436414225935186023548318905478806246681587922747398698
8820823740772064159627796400633822351910519279055866432658957909182838954257
14142052582635469881791803815986571014749551734126756840585221406061622315016
22638839663029269332856369202086133690094778851273356069321137889374263195490
1463521871760097535137125381596552773977140515217644645549561651057244545097
21618722988580871236224276358512916214143608450281815255218204406237438072868
30889484388080861175384144373095732605332688777276611416300626923634526414874
10884026158974204843534278747441113453315080313170266230592497513114123738985
33772574171798081708798704011297731591054209480830586231815317785812904980355
5850488072260872853836696273502407437021424687140354968689430049885661625976
44846629947361298311190762925015149760082379829365203774717319680312509331449
25791499142213604483489341166818505493479153300930208647128893053403146737205
28823215549997563666175951306745590742746724646237586550873555913602678332471
25707614132745369234249711598676711456462275349551663533319409544006172367474
13725382680093358227164715169275490889811524558132863737360717085042999078511
46221842672687113469228696686794777548917452621480014108017803362059238716432
15837881063291545760202291027025907586825722175106017702103816748699604872003
44287230906350397438779776772506771615132748690433850683698879971720377779442
2381251446623468664073789076862694709148274689334893191793807385932543541526
9297797716182894241960774121258068282966694608932433931387652984275469560758
9520081882685717089715448385748216620117930640330462699717954672548681322407
37214306128459525167733311965297561310962169360348286261486127474292647160605
2419374117491477652775250418104135174430247757282988359571113069947774705554
30571422573115079267971737396639504907267983467906577459849728543828604942437
25648270272820735467925699332250919685973246046798005563323752530867932670565
39194260448606370656311946089421217974277133848358111404015096237420710393121
49642334143363680183573992664306834964678268993062282682025732383726689793177
23436751036858589342860703415533154745725198343706557528574026251015760458065
28024021196003156698357017398370611349406564887630242657598327665026952146152
37354026925072526113990907379779305116645001490517002112287163885951913062358
25229653240085111322031667831472790222247422977116068835464709890159601475368
23392653222756847342630264957240914602147330139136843408021751627742352299269
44871083440054501962510202139603966364707804097244687737783654585480778931240
37629467534753484135711262717973111582083087461757921428341327791050180952763
23680648855373020130531640983866585243615560808440077339697967030306834871726
38372216884656389153721346731847512227249473157155247023963323417849357127168
47509346147204671736201903132291762780363096915285972722015325221652126677066
45717856716428528823202793225417023235384391626228561126513707835307021490465
44300948817403237285321726104660152619223075985293218380725817123352513052883
24810530613128462773302048932375856270001883544503064167901269615167066664315
45512470268238736181120063980424372469088020555993921768503795411564676128094
43239042212801645615041701078581308773870470280264713312893667803752733892338
10918995935701817186179915884669427294806905149043981729639039049235264520709
39651885470614304709158966234636537939520065533553713341252456041935016136402
25856424954894454288267990931689548609691324711337414424915898282564146288027
31386307728234300054466888908236178797581706446515054480588371960158920282139
38896526052890707037839373033953499912140533615752044378268678468714528040921
8477850090630474117585412008097841355345014229055276070831666512973030731185
7948731798958584658887817093852464145354679391676984290526577944019951045118
49887172397788916025660403862383697237351626717015699719540087753447730018811
4334786805516810996803668669471102387760594774114569616107340258195010831281
1262923796974496898877523373596338050675590917891340608617949468973797756137
26850644001370421488241627184534599563250190083723864802448173695847628445087
45537596313836634188817707142289383987014522415260417508877950651243017396910
13383108559002161677148401317618671256916457428967578963703843371595887869630
6605062696325153890477185962908377125033269791016077626868164369279549614575
13630152666460245125887871126343722753998297497399585307141137629611367980595
46819959307344362751855951882480402506909625685624048058566536135242276531148
17585127946858091216286460351780028612176642851631586641229550865804282302668
34937256048242887198390305115283070089659843231512428747247516820239781266837
18242367571126447822363834357108664227211397486028327644738134560929568765097
35219412732611600007378233621567395560438335581543475902661828148218236249942
23221038069543311939309795946762638714488440575687004871288383935216287312147
16702011403894897047371903711447703873161402144983605603696992485939024259792
36360166100281016519879079483976415371261133977993718297315771522888741172440
39240653406491711525652998433235406387409110587419155694167811932503717111961
5597624010628424797091069734914528594854026540942178621886709600630573705276
25830410203419313177775880974257153071264538306657196626068173230179579753681
36837359812202663885021289043165009659173519518534470367174142304884341924363
23354924868474747152042460335552265939091561422578425146432865534670022745699
41422624242961754443931174985528957195104437242966781191104740533982793357918
15766848021375981399287391915094558346959523699486728177044728937611643866926
134143460994338028178637349234233467237214104895981786348019709346628102161
24363118650485949503489731364119747851295516216386779036244904966982001388644
49327491222540946875526239391149328680944174705886429309152171675251138667505
6348517645437379108723664437892737258544876420678755026573558025759002076397
39056530434425994400478328387467224086638944563836984779301052157726374756403
5996888417051960648113671831007415917527345504929526535855275704933345922203
22283878174656419255155772709876790661951004223340268135908638970441691403123
6015362540249346777575034734569176822970681279542626839562292686081349801533
39519919265101131108425916727911474856470573108928599829300983318044875070861
40118460122008514105450663136413386836260389419317332818251777991054121082015
12541555728922103212177861119394840110676565677439987148417764593239170480098
26952759590546547507186623525034354111645164717383426689515028185998761716587
12607748366756897876920837197613317161568869739000893408825146137894349289730
17743178433509903816692553795170338213454991925824320781855461725178953907125
17355818351686048038399535555572021223690258515160217748067508592896157425887
44977639934214258985326588124493938504762898329901477119953132582959922423412
21751351533495267203164456077277940121206416700190148997636068790853096845531
42781352993370404199245510954408129970295156844945978753360684117052435847438
35315580947673455870832905322856009571900444660846267413499023951429775787475
5904152118375056243097242909696332836712076862891179965091279019543081051993
34389325741802112656094578246610285215607401147752529380284494005860736432676
8175040286265305151219653654529347519116545142527784722404927126882562449883
42663972797452256055561247975728447143888817095962572449759546367622101617733
24666336655443571931550408811881657323236132145670083710640631002987647219641
44403174499883714997815789958018826378664359318258160962632104056814097339739
16134707294567984239688503474070474089018498946828310493772942085181003725042
36026035649817227656864665880886635703995399240488356478721867701733082532088
4611278893674549600609639646539537501767772914843818108121068379102245905545
47837995319727253623781193539884858600597110806568866101888968397064463179287
6478222640503839005542707727458889416792573088904409633031627957810608347868
37103220989444443838590726335109146199669949763227727724900960957769818262406
52204726312913711037207209645724128805117644073225890788841103097283399027972
43775178774692439746809655439205733146750056513641723325417745584274072281604
27324596000806438763032790938025400128911811879644041142923306274360304560181
23756164161882708603639678604802196900449752109955488260971060125169477425740
38331852968079860079375337355757156500064835598851288386111067188829382411836
32411186623496102743563771644290943489387845400257708552207609510585566537542
44309737489762958323348059200895424300844251157611563250470300823100269772771
26557316074849254498879699494134543273091271392523958189480999603598149470165
2317577870747926379829052676503020185854911018239136634194603796593461596786
32269080681871063690046708650352949961965001550039074943113098788510824641431
31058390599619037158251557970179202038838572388206965294958312384552393440547
45876168126935712750019345122262982400267165644418102232437768791336927765362
45372955356281549099760417251541613813777592969086297716339782654725036801108
27755841923979476583748034878597453124831937228069585493816947970504008138870
20168430970581219462591044972469345686862544358368547270702644124087098312166
43364971451633062832677377794082118418293986319184115456390308032321008292063
10403965830900330242499851002822727689968968916098210602251706505769101486349
354260013831584120770907995395586099094580359315475134101456601463156509737
3902387806183404050645392044011990750002347456463835291597007712954830397658
13374991873249969180907979309850254523171839680980604353629766634157733085545
27307859929974166043692082842833748681355438319852241645306799320283933327679
7166995108525962667668538919810991269767513842698289450796564652612271229552
2852316006644909992235035898357038605864062910262468089341096987578699665354
50968009478118833697478699450084569209683111971732709322174157331787936307414
30066145732991682114626558634772331931283524103593066646900117854680073464277
14263518231443390823261431203867527926852260473912047063252699561544720997288
11118609440811839731218911810864142051264153442832308331213596919375658103135
20679127750642744323353932493956102394769952937054809504424825466836160921016
5208854052134477642954167359695393727152815389863422480870173975572112375798
36181694341552065237832347931850795656686647957856824567901767231819818559626
19417238988469005416885937923154361497195056224105563690474995941436837283263
43756099643916990014757677428593717427703375497651695066862046600960739013789
46078750301403791687511728252383169002018461534739958087277326348546947657302
32315174215458814586200078686444561435350322000540920504698377203318147286854
38252439580486103707795534661911420307490448248246417029749995009717015361128
12086778485700205056864064718468963467363414588636331705698162055493258691964
43481288192800302676298581962620222399526435165071210119142303048969545702412
40275634366806102641062930591699241173367123360152199942782144737168461330168
5017055668321807466423120408094625892138419826294941415595984358802130264600
1015115786616108268657042146559020424357927219217957534932467456655404368791
27515306355415265413767634690955576833343824612113499040663607021403432734919
50665594015418276662626958635537511515671024366933990527910606954329474847762
34258428454122761019902869762126706323555136764285600184681149722880486041616
18867972813108127903551737855466153593391559754639674085023192343398039294032
42093573480019896647180188110772292306603345631257478193857989113368255867397
38626399259490318722969752025045268536520843680252385289615104610904662237780
34137197672321442668790106805771734591041570381552630995531630312116243319358
47420705940185940767515068825702835134198346201479114492481780757864917463147
31043877772656791808606977520314917400774879437282475280416410380178795451854
34720707771840251234759555140915842867687683009900836462116351110549655344472
36913905134584408294703873281486779887444912906114265880505804000441048347710
22683007221413638301635708276171565091069791178334510623220233486592166389735
991843092193040826581272598275794206769339058029258391663595815576614575982
5722267636886393908520704251027473029138599002968703918433725143097831155397
38991178480929055669234832319591098823801441993909250218428713266999962636919
34276509985201757186670473492149926001043048642007907127969654518847673985190
41126891555617833035993824094700386019878306216596035167054001069809937367961
42491856314982006595442466769809591525245322895465773162474418849202987169036
25556971794145740720312543757318407742948065100422222002480039698913992081587
32984068251416911124071562775504329644125504758873781066370423501940226870636
8961532571154204984772931644860122865173678783879985149165081901495737078977
20247929499277285934540316550040143556429861213246496025678363979573349555189
27442130984065782047130692376123146673719937101546435029252253307416881376344
48190398656232154385743641288823961956807287266917617387800597891870032336665
13390177108102057136302341526675376438908502191523653077542292603410257488362
31184219453206684711173480451335714608220098055743783013033263277278771645786
28218302202147518593065898668672332299552950034716159427901636452847740926006
40521718500541605317365055350361815407996457978697184136105553182000047996613
15110919446343562148025134646826633808050736367820121964898015887948618598043
17603183368819960168352970470962518867701467948851934334786852047769437627324
1785319676225799502464350472430121652205304356622519660793103681532039416403
50076508357702393582053717308106274881977945049976203993061715035470388636750
24701521671712981261821128650040625402737317401421332157213461040316621652313
30331647535651036747305198906035959615177058955839634033470819472658445049484
34251395265162000764939276848928019292223713980560755498111472616202801495682
12551859538154884219671739161598074812785688957432107060086782470195580862148
5790512971831910590690795710933646934822712071016080299429635540393593946858
28435142111596277181009405952150373681422478982142484257244700860425894761802
5441081675626154998268639172378472700380773407710214516197190260125729774997
40676438008214305889680979464264486741730710278069900544922626516984070240953
42731664545157580896952854379751369003276009890567408510737136573967440386503
23265141451197058944754937982703664080147352744965539983421062485215231707583
27610550731762169695813446521609398273149765084828213556801792304977125939733
20507126321358587095179493961252467674550288192299738390291759808727823908274
50340471536385177099225552400225695641317672739100620983922752228166651518110
29473264530350044884511959798557655876607096622889606088849991660203629083263
4631078160379855871826580320001633613290281828130865194954574338708240973709
13842510886602620407305343250534715141892804489627181624890566830153345523434
28693719875431388388014582049234889113878047291395581340284446374452396932050
34896160326268836767668024426567488624144102954304266681144337263535461617864
48095210151591698525451188228103774855086747529121600422831790606878285013220
42834427929520621756000695295746687280175809478294390929806470049139816861520
49000953281699926172492799766317466516524285984007523110843577594428927145483
48319656380304094323185001163618374322348687746971779343960096710998252720405
45987552286964361327696327573896013294983717884664075717029946485733826579668
25497758193747964445206889236906220817032827197933917366493380016142266864939
11449085721502030124849002290437493951628007204226759079120081100168226187863
4928587853708278960037161323490673366250272525974269566518135667993815851124
4577814539624146529418787347717259608063190062236548988519168955674598111092
34128049068985363936304443515427808057128635654336792860314205040289464039629
9582730077014076570115191972371152836121364758313958736227348385363676034353
36928926083463782832614022417879991196094036415055862981617245975629361052092
33690150918614660426633391532024487809333573103329197228033809973789308595420
39834860399471233434141710167296017385838944482876961362676826878551268879534
17872041159814672279147030774795735944297548922892905229113842989255417625733
41081646729711766912790212636201976506022132440002447298678321752963589884535
48581276408401322494919070013623003314753678437684665124183026668170565973277
39256655775463829365699339126548959755488956924440500318828145069630121325809
45471693123029161961486935771520925867378082674537031951183834146972757152732
50694138576319303711701703542723735338689422241583705315232361802777505790758
37110798967641889658681601065735367840080147227159375685099789429376069909285
20085132636329962379101103011695920428066964719857281536173481041707476968358
29273966884266251975500186074509674558694439343382764508944047337288437703935
15689199591240722520505640768263223953727450751995101643111674824946402752047
1344866553336646497466482657747005921224553435133038023675024874925391671514
31605170971324075320266061042142320958399373317578961265564092662115680434258
38019981355211990694427446205928328609479877161207830360671777715938548803955
52291526470166997944144639611898387240056127471436540151281982706913700587120
35291707810034307742188684101426713386324149709512951042173143296067922274424
41138778793736291495384327424711308936316501947469487642441347408367894436311
39602200618353514829019404423186269376601010996603810320552804007505985559483
18242690739716152119230867364397580128374957795521666328920933628798002832399
51033859042343777507592727051927797605144540232107765002916140951071129863398
18371832444209186144271362881050774428436866731889730449051355001686291061012
7599791822742987902524297633352612191285748718519656158412192568376414810953
3553027482417745862620476557204501802583397218985098423886845282241310060530
5183947885469417354582100626226725364708694822875511297332370328795648874450
36112127072498115416858577722062104127542732747564238908841674746826522366525
9882733792182511410133213659649318845976440822713057233524327536396377865936
52371371662483383540179549215026128791292444194566834067183075317167637509908
25417598839291314162123086575971484503971457690124148633224448327808498370960
11216269344580151984492194457776427609121546621726158504715546953818736158833
47942183741951228656208523819949187775549672605243052032509133634064428908059
34292052488924655029700611220339691110741615781537928925087440130898565457583
7586689552658017701032442056760021606194826451788315920718083175576874325917
46450126345441834231500024927537262043185983944496600543055335841341648540021
4498861375577048686888357409584001834823524745332358484755729047239301409014
21740777009184903457390958434393116401211335381953497567712482117972989735289
10567907326455001771152800734135130521562809452903453561771791439429992659689
28944591032617084329819733328264081780270755929657190344674508799987682172280
22184492604692133431205487998898900087482959754512982965172942529072308717118
3873407844165297087651201573925883325589121985122126615338392835846712567963
40978335437701603826404303137585692838322345185440885366896383463681107616925
24565102258199467458808718467559636421710757756193243509731089600461947778858
9867633910247995701934377695677136326052876108534716423293142031603034920497
21069362945199839082204581473244051727722252005396145491245085574716840949329
50869179541726042028775197349790210492855776591472788833600430697796800287482
30054323652401459966106552175762861919500772673994417693727089371616579125729
37864620095771180224374652321107260497806702230531220796944113148245353264514
6645798791402558970137457798340064952467235510278119860288837089855905971527
21276091588837331523455937705456989765404373622869266303089359728980214782450
51190002712374047687711240950426133729432800877286435782789653123577900538544
24053686551037827287999623257569956786896622293113056132606963062875601236791
33332647482478632527105657581005335766292550263981035683566580636783065537433
37768380584916246327582112125604487411707759857354753160944639260422968208915
36940736022269672316330032478536905923057973558322221075274379668374689331707
31027184595029628217095727395951269169696568665265316895424861891298511964827
2862950073030521742942471911284459480931308609330092711294472680387103520229
48379946241086596374933497417066239119661432490828940826186690822128108266773
28741294174160090069288994023969661985965022532094030558677089468022456630554
4967743382065737790435185694006600379917905443354898502324799846394241638612
1692155771781164021181476278149114164899132807008927181729117696120447522025
38342382046377231588613096186393796816623819564130424674084102164010195328704
9242639647010259039938103898361810684929558151611147415989103118349956308608
26685198829461155883867464481966556026867067272347067061896150308418153598977
630120286167790041795378383058663910242933490815676382707295973973635475971
10023755939063634436580693406146093501011503723313343264614349951019849620055
18523790503626581721764439380710220116799057221371807678286205182268460599540
16672526384024623116939475222274389665650506302177049948811612159183319878980
38023902706602230108734642883821607355819431373128695676497633326105493194641
21854814562935805837467822035405314396678709840863976105301746100813110619362
17932087132510886002099040829299407623888087985716208150873289260013470420639
9361512120241435443690920646116384742834505886100625238066129087880452312438
25737449965205518368645665504424324277811639251465353680559276237273998974470
43431959332578956559971392677680094192020309201802934789133891253862315964447
40119414167359705058845671265437255804476843343742717717119539868913574466901
38588587600154421464056657923983434261277374640142411305294125134946929111919
3460944195936887810484045265341964088613426683125965818716842863769181016894
32735914742343179596425640847107600298537422350584579028299246312264326073428
20103671542503065789265889914901310666054055963380195047115894341013848172284
23236371074322929431676167937399541812597370052242873375173277580899640560707
15768677873076619997697450870089930659300981177917167809466782146344719447386
42361622903863301690855094630092417820859257043491141029412006566139363899687
6745427931458379395189699415546913423742715539045679535671923452248217992190
20905746647287703715515113372470136493792006254567441882608499902403623104465
20462814409344990506681263816569402617938683862154584654953034135607357227367
47072125379103920062605445027078611779987800074424550266256372845154542523982
41987983903930256946470420926545863921921498164181210116441637673226549448834
40057370103755548157761887141969334152868307388173291874319028230400251730818
20443334469886234462365616787263709630775780179013842980826668021912265567363
26354824072472465236862926721491012990936580491368566656680803082849605192730
16657884458144846062607745523787145343383443297081130217769122752778142826788
30699620307561668469968049345026627275443951314462778440308651777869522280843
50752980059475570509846199057890244101276116695599766116275371146078549100194
62227312804448649820117725260842834824249676326061605221089449483761057151
7236278669731793164816637518279758237330766158434171022499377483899546369837
7684931769503550712442239639118023001023222680631425952766343442225153292668
37468222013413975674410690629449169050087075393949420645117303713764272582209
18056126488281371798794190087586724584782115870732166476183064367709206038101
6508334084045227651742853818253510193850658949383212628303548815174152359938
19463457289692245372715860100196288201234725757621747628031822126638430878723
42586172672180212504474382385992644581987972240449042453455750168144462717564
38529274087473615427947090495096982632069038060857309002132963421963392607052
30794393087753319308131571681915295013580692428912820506109080038199942535101
37982593482570412549540421262373931664375075615550039327093503059278838796626
3177319795552603711249384523133496743103837352544822761078077398608167317736
14012543457744331115312652085218096370692527458588263701582492921108180045291
32434101336257872831758214062572457217396651454944111446456297917934444982659
46911387253997313894127779280228326500633482278838169238639365528784573119337
13123437267575026636020718799624193423172664065976975043831893446159608722374
