31640434721955477552286823634982112530825835801756726373957703982690235777808
33052119385670902823945075066079981721057694113096767097445360000745442520636
27429699335940004071044376941848273321475371906916347361774482645036498288004
20283096765108104382371940164569450184681204429776208809347847317378080895132
31847031378066816170907600032621394042315695850815181937757052927063350087825
44530598619150925909918427286969919008274739798109505838111896726677669833324
50110068156092833721710340246497572495858000476740575776491346062618067974845
5099206441064073902949870013290437175360286193312618436104648279386296126659
16729244911739604219665380904760721273663932683387954237004963547326113502594
22025312475553342849029701214460903747983455892307726438126125981504006209574
20151817062668241681092211554430907755314744070753361234242893856469700982423
19998330000142558930750577106714672816471407068915160430261281697047733479536
35272132293241954728999990479692018308880458767337465105555005397400535705491
22637804489227151299040027627692572426560348320215020541520086698541129677005
32261189596503108908484202404944223994819133173213941076799352564389725000697
40865163342777626437796812681383292522242620274178819446066551579574232211805
44734528719817466050055926283864339701517659788851558915180886346337970824952
22579462662603695957497966522951437395285790560152101707429855427857614814584
6024774520235483302798371666796319952864534859495497104627165781651856553412
36899636659043705995639989342566496627266207959529460151791372628788292393239
50721163199199940633586450563010645120482115328708270455710613562840338671941
9772255173702710992101740247505657892757542413346175692195306464626322595821
32568690070952500112180398661203651799908923585029525998228886546023576426155
33212158649590657239785122089914851376573093521567620691937644182482527220079
42535430671344201362189822181906196251117984631845665441107933858761306277881
29468269740931348544853425338900273672716572448428549950256698765918189006338
51810638343027538032599630663264021909125988910682365392736599683065448985948
897378818118769099665694365331679999711111923775091352588150277394836771049
14226350807349567958027278184492525360308871574879007774876770640632904829438
26925333749083238814505298472131208060760157321083172181154283148566825331868
12426244849762873400226128603962567196429767492414288249990234319161327285820
18516500856266931703440947660267441490659767039816650722641463981469984176770
24125633210322324601078685441065793595585499949287660137072318214888457974527
24647222630901940052264162157587645472297826293918837568379221739133165071328
45685842517380257165450946351956324365969024283764940782968256010820929848616
26924697640904080295510014187374388599008585220126063992793745263720709074107
48995522696340207272377064306791303844540072726758946573374850755697390766850
33982385436317920914638389944321943518443082062744972759129239756804931853916
42582758796430989018182492858667235389082203711090636745269170348806348650584
18262833334318826986199791322083079960943020634385818164292362216496426727316
33836510159719445793871321163608855761651856473948857079955895667290987996344
6667173250769209060002303279164896027921009030119921818969623993665272374739
43609170328476597592016580704495758786803991046574102842484582945874056465508
32555353106293147501009950096573753978856274058868604404579685463207737701999
39717756626923306985403290884769876825695419614795934040448240472946598046944
373102189127688485483289716506732909979411155963583916119119929748003791044
25230077231724227806103752344282942789572730667404309830194698840298744093465
51431387018242461413531653533248870858462802772904340718619967541671373787556
42243559815663021543385118442660903245628120503901134516878777602764923095190
27793372929694263024241483341878452945395098520534616429038870861097900124551
13994857537952707865606627720468754744894348199289206198631542955040432531634
33969346069835842227577398330015542238065250819991810899839499349004526179426
11190475566644450207486684635683241007775678720617870295727457354015415891060
44136537558773118186539100251248634798961481725613907568012223311077826101791
5381431182647531259848311633367601321917515409155827843361861102384116473872
3862585562586751520380395354276240214478300190682722373461683488559374102971
9940013820918864527920265770710640934488149407717958948621858633309793804476
39860840678698388969203441051068684679080116867616103179862240853036745157932
15289067466039056335055048614285162826508089280177271816676556851274410639885
49217011494397628344695713302756860075584287948131276997505339266262916873358
40667770385194724715515251688295758966885150714221143899352065217002369088762
6991756919706247353577922348618097158236276162458706877369171126821376908000
13119620240782473879360777336226266106183032899750240144758486815479757381706
42692577975668437811247323015869208248394855884876969566554178996501571634023
38894546839985251587838492710401481441219627291328253576625476043210085516269
42085895203277370557593584810316454791360825378689434685088942552985407567990
2848408688148623850834930535962514381639758704512149264987688837348905431013
578831603821109696952160535759314309120519001337573217453717171240586429827
7735557237461314469891161762572035734558286492785454317399579175463322707549
30062259235781510239827849857151913173835254230367556337065738902079762431127
40654717955974664534659782899608075779412020908554490174460842433546447314275
34888459356191197489586303621847140212302741062094914584029158275085435944286
8554015194423887013644125442676900107695463433140558420945100892517692361326
29516910246222262904806094815798762899612847421206147938313127714661428415595
30865018602360044050458715580864279729393492398200129188228967729796227450900
171316204002132029443920052113730514820191980201311541192394739743084915449
29338882296003546947103729870053487289500021731811283172412770458200227185171
50315199883880151032609062969576771207106140892617231669610298700742959589285
12338321032355340574808701128534959887101879797660446035262415072211259385409
4489129796217472156434539728093595836244536095119365720443917171741274975844
32103983733180390087421005197129514210848601246324618016243174453489485247180
1616431521142529068191034507819433080695192559385803330738393016245916796315
35156230510759825693406868188218098094236433462977879225373306758700111300398
6907037290640639165212080980047098237146534937831810009535161423309517582160
51217807854754929115250772718392834394864196078583909121234238333850935594720
52001613442317242487901974780132472519146993531325625754534280292555538132923
3041555005006012899797456898515934152815141766874213336399544747219769632494
52348354941584242911682904717086106059788885685962369110539716573501631712219
40580004519663346203873844237306853798063267897199820852868432927340838147435
21929568411646351648899816545283763273999052271735102383524109740897480760110
11617866511201181496228535630850343801018554392877921852084125170073854808095
42572222468359445967939925985992361767094026104052365454203297549611317396584
49763543250037183750241142616844468987089738734568482813844564510068317182684
41328743056547253205169040411845417478086931028682053405657492990751533715711
35743565708219035050301807528843439614858683486735286623794589044878669815707
25141200844322202507770400655749586552718772494815176269449300266285561796702
41938516794735904089706523190814780190541584382232163009712642716458266183003
7826236664840684489768722318949627422655935510441566026517693664673594574294
7683432630689167910455724133389708369411895757597194580564463607990658506192
30533213478747004838043893086012907290966891741609331566832737632339477260802
35330374690396121449748299697521835762936951378217637105637600542576719059735
10420765805064610054982478549567636223418676797819114310371767847071824252148
1524578060504764979043407422414878678403920950018275686135479461287269277461
35057712347505188051573590465503036365559992003858094699209170507326128063354
50637482427881835346208083344126610504378511345581312012899515918881618078060
27022443637258421972811144844015328778757278564236628272936600378168207712200
36019028568393476134809549863395781710046347609007345676168306478013731920335
47402761147772838881435753263570204262728036563546600819878964452442156658899
5035431673722186813485788415097615698145921608903476570887502318925160199059
9502013831005452312162579880468340143564357840009758494907646624090360501135
50842857434747675450766140982089021398250786903790041873319157754951765503409
6689817202392459106086347340770270944841703613760835046392049957373071705053
35600354404331175115006780159652562453166586773561580154515365567371164726471
984025691317979897957668912536507960166605952869412501445791695202340785326
15412048053579411367488429363380530303576945257828615401492424302593941136830
37195265437297523048722010734202888282065318589396817794377894869405983241867
2948653167112640334429678597814586899169938417746643236423675985295341392324
2275986675043481771265131096257101143949114995331808562103573495074884878898
14766306278698719060953989648181997526737761566542617840849962430099398431044
48403920861776783414363782789853588482916815419032344635794306108097943653565
48016270851835991430029866648702756730091139004559785292276947260141787680617
5417226871576111916199658776015265653844861006528722109710765976589838999250
10396737838406695898061840126731735787089146741371219744171067284417336296537
3640928101403478953319686604050254455632402666136589020424750481394981147501
46523233598981412693114387496653278707444091630807193257363738382498422655416
4003820915954566894530827260650803634637503828584219551793006552906478225304
27992314931169656228308094736934745984265670135988081601699997772203053737875
38338172459550713073309395667640239490664770586626435106314527489353693324452
20075798431825929546490232297389742970281702067772903637541047855582182429518
52244726546429288268487432504042280676288968367707335501724783781263621040056
17769743903992089601732624858871758863407033853033870237066257981118329395219
12502285883166993276635964865987288722414333456938074321957319968875563514144
9787931236126721686119770019566007627150073864992544961592145701508671132932
30552496136566200772645954081629865790506591719146278918756593330631864415775
34021516644318794755961844517933746427378387348148140276992170686038329035964
2391076406920615956603777814794827092691768167043164805056165374240715334217
3385164221055969536645706248345408803898393941170128922562963936584364701814
16176603659807599836536448605987527405751657486959879917515750053056896426121
7265903285771645966494661967812150183532774980663630431601308515932957011002
30645934555616525117837652543963593120960687794030875539093174818178792494113
22299988869244353105038730105624387823242586942779645171295840566025254481939
35505530525238779849611668746138165183005269258181127826389192667194502810202
49059032737873714056820715287177284146364437038972822429579564216430763706695
48810957919296916574856395289158885573587548670597962329582870576954925821615
29137840639305465246479320066434714422072056081395431206758083478305120451715
47418618084913266736461318778872058673824670377708241877103196457392696864731
37567663824073195687274283418751256506396925516567935055805923689538965164480
15463466733906341522188876926957062503354638343581990806937074699709289295169
40235970068314124557869265822855541865733396662625220574430826201912768666634
25915251491546327783593561124946481554151813755809591092244763437146323013428
33243744766778014263079447725819716723907532751481346389555720871492935488693
563162986554687732387324470442113625144895941986627611031402531755921985405
51985850378267104974264902894596045928362800214797864474294071676903628494839
25353018649603551550076668891958909181741770010378895550059314853267098423623
11918553581815959492764447499594409366471957341768580444415104181681229844417
5402953086284606809430331668363853211992384747408168194812685645960704108395
25446173069747628053731262229443658299921545633255558992926937967682643970945
50816893224880472517789635004936138342465735219486965941359118915740665982604
12537161269774839116783252393121017276572629605196311686308646732962490128556
35403479334285771974997809914494915659664117989372008839695801869138236601431
11614947352686044650016090462570443727014559973923175969922035187748473220358
27532622065799267770473810835985445205229731685447090944376045789617087269483
46098419358009050834514638761587975323254721256669128882487895200443054790448
396300048080763878162405577837473688179338067606537538853872660874581292518
16955893477573291666290307356269777748809713903200777444606781494386455849287
40761995367905554894994769472036547900400792306690615117963719230062935710682
34984222231512026456686622293418498905345074439381604865662776650342209382326
32095709438704713815676487810169975156311109984126486596498938763153311243800
36684692642047999133120903763369858208568692182293513626407518707874628898610
47630264270605502947137119529322106218326576830509708352395162700729680355576
12838876041413026781382865631960557617769840992758223627335054008475456156069
35906001537566185776281360226224499065186668939688496899212196992949848677200
50285687382755360694889334827355190370212718154366015739183654275936028899761
31864899386296576424947354081294474178300150888216967484971726976113182310756
41082650053858887830764590261514718370792846392321777953993340101305005930764
16573146127064794463738125219831979631125935394712427765487098488842198465708
43651416894528022633856698827517097834531581172450915120223736395264569337581
28733443520885917137028036100731902458224573994173347146043986378312217719846
44898654571689911425799660648858991884545036255649186156374368536009636726551
11370193900333196574344136821560387571512973250478030604553373988743319167156
23201750704588453146548975452801149095341796230038151528525355542687169778519
26912230104949385836045900535673575867082927476060270626118375577457911606083
16770828783108553296740182048767818997961170893025837520610024056003938068735
46842557199256353483427841299541875157792588381600685200837218939209284656633
18093533794115524182773656565177045334080640154475091165148456016042588935834
20446496856146237865775935171697537155248471579070680717717552721640771120278
52208981467022137269496025206442535963157956682838689838353398664922205316152
51045955989496885105755111992890833922103585224768943426572198187243098159041
26851257878684679133720399877064863336382327708972961915038281901543440594614
9025185926139504712304931588010996342444558232345504823162573911334617987609
13036490750170157295321995441076571009654927373763419504006803359358330457841
17317864272678118820670343860793636845209868170321397520297630933854515897938
13001452521219331425257498044627600214362921834043007852235938787870361303416
32688537127507629641961964219433276448487762623005346581638502430525743312520
9907746185003511220631622821807262754562227410123726620558427742365574448787
45824181776235977968796781844858741976198017143787587831833765896248482287996
48168762944102878667069888796044787519055472636972801842476051950454623625108
46422246059656167491797804949510046942118861216112765868495157182021726560757
30291999737677713984986456991079980644369143989565292103069830453188254709307
45623834454666606283861837977657275027495970128168421670040696814909656033279
49152341051923487733390669345993409543258871615389136816153748258175865285435
38329210531782124299551024248143362487370770933049363566961003258418331491049
51411947618297260236639992868499263831357119821455487619450838798914457320847
45443485892103264826003809543459953532901433338993737034593296943027244015917
16664195763188711563995327637259579462507546989101908684809111897606319328755
14863405952606470142516011816908547956449452451870091757679320480374123791899
1162651584519003397174872823966923311876366211077203812205507034600733540739
24262742923779932690957492084437154460378786290727565860897660075357963056604
32167465525501796501252759768074806254052852922428950652501039197293891890576
23996190040786830897221358757077749147971668523298935062650540271595043846775
14046069656250699176521870916220039413021640302571160687081689503678006735137
25893804206311572056573844874562313006194218290841024990099084895561692912067
9600232336175862535817957966629276700883650662635258936122219749269760524031
20627927905521899317141945025650679005168269380103865392687755280702193409820
8248366904907494829908278813401779601953290529118983881165968702035812793690
10271350395607907305002617948921175287612749717834555756349428856459330344211
21320053331430451271758929057185540204512102990020125256991618933558653295836
3284733834094066375795401117306384147820926828954433716008448844756700375934
45306129265706107201525117517045364874496116665528091125505581162745918203847
49614737714550582838132173640547816301583724462330901651317102804996804533097
31497485207189764511750029484161960877900500274117456077236364077178822298470
1305867725040272667301849730662613797126211782971644462241242841405371133153
22567955652156776831148298752117665113086133545798134684474191345041038447777
6528247822043077402834926350489370532209469666705573645674278717422937610260
22378514604537016826955122885280138855824249977424328356948988045003809593659
4250473512491808372217786824797957446812865072104958578128239002191945589638
20430787069581753640796622379813584135947634127229294249862495547058546355013
40316420563261996674344741305880320273019423522433077836664953989993949127677
4176065426967921505210081930794968958335574575367815632554829236320861434809
26039029470509272773653865858365269629775740532162657534088334987209477505920
23079904211516935876188869497580423621439186899862950674989981920484152959582
34602651351029468546819268040925644440470717094697283817310902829404854575323
50083971701630394105222160306156682736238608393653371924166938792438642847747
11269696834317317559289396692807552200418003356580098811860619827080883331194
43702516885665401048911034704853223687054784730638833557537171352008789356957
12253436611507444084926677497251467990894679659037623636081617021910891178547
24134806353514194124900590607963121826334598271516280851716986714155096456247
41533997059460916098512686065576105228931755430699856550241012016409117522301
22012699464060743757418184490972572868450473793144273083452742840705407806289
41670802634939365262339501684776478843745594423347645809879607056728674929049
2316956982029598581625798585947272973172888787722622457930579218888357959879
32939484459120344453047044132368242113615955655102650683516085666753882424511
29372545658192483812433727504400325632041786177740479748156083437643434909740
15909946565747162803831747713193377156889916654942954038221562762720963210719
7015787723020135222496459541899522283827087113450752933972840712220446766258
48692868251290038077728256690510625923226447312189025680417139889759172257557
21474434030496236324340492216356681619629058947979763955670099735263511876236
28433020644156141182261097861850802350114867896223681910351620575748283679319
16365870563616656125467934992915360951664594963051171662218451958606060886336
47101468530450956296490202074380154908163117656513383203447270974966022721034
7479572020703720418084090308475730015756770988401329991080709931200951434811
32547638982149502482944242800450828778123883756799049182837621596214157827296
9081814436937586858296849899096427819501630581783664473289653496081130555170
12171381766436558360911852373063074941831499306705860614290926684589473441467
6166462631377692395183023585579989768083664623952549985263939209896437099019
17825821471656088778405739882117143119776361495616771501726488533638570365192
14005771823889263140482951155331903518960305014251596818842692213564041231701
24011759293090905197948924779053186812551056560968353120931000274207313831662
19410578104502994609610708707378765018636650554097149703852197459824157210628
33556953180480860006424747898698914714715654331336005540575653401205179815719
33137460534627318928775052723883901358731971270975779497719464005645233172060
23401892767334205728360572888684445396261975664198816518058821493161843041289
45310732133139917961894003942922330401198465835137818328196920709805287556075
51686465478675609471525293526877695740380750974152063580843991096731050977715
23374978355230483110062819420991389732118309686772167011308282581071025606822
35020441011306202533934576693293250099026662869054876018111010833874583535252
49905344248852275740228086714363164323718323684044797944587648559175976662863
19290912631625321461859662002360449980218265952018655311297900427820946478921
4977218091899192356982099483385559547427076710420703974924904280856017079761
40233264252115284203578089455363498895317793519287261722087644784724529679549
39302914316145514562344072139599364603454505354823588489652837692929428790264
26736544288768938591006721906185524994905210665291256190838277449520611149295
7846967582598341169821808390456257706359051530736654502230597606291400222228
39044259561677338410181969244755928840512286720536515842671573579926303525524
17310314113604271393214416805210016898782290229474283629267698212322432219800
18968731441162957730502182459731188131817921707153728690918506655927222636657
36418030476119518982646035570841044193462582837238902193752209229207944251031
40013770906050050553635846318055146992709659826714563538239393477526356227633
1795367332460611063631492590340192328984899219111387115524208042694912744539
32922144467839137098092224936321976047294812695040776251599122163239099288352
5321854323876375191761439200659287711499037538583554632033773386081240401650
2812449434394319813746585999662286871806721669151804474004072467847771518039
50182187059230424577798559637765766923108899988956663507886886372848997887566
52284106852518351927657314927742034991836623291622933993923895790425939506242
47431573403154303817828365744757610814044027249232347958735015042822081069551
10201296996492412808175008807264918244760121826420299447413124746320220173540
28721933203457315187126597105837396374566705965743537230779526155766910782216
29289395931214966968174561217140798866855739656293648042362040213596396673118
7675163562043688228279764231347506850772961056836181759643371261532736292913
37883034177610901010659728583876027568109154575860973262296760476706189527532
13992505260726713197740550900232139700259590117567213395885379500729661767131
18884909959527909904582149223494397757545682939653035065923919000151443882809
17794702912573105848154394062771401893411131544783858873549769863187638978612
48491373034797679311516775443275227816045209191482812865774820967895761679987
45334787082721655041005309518874829405199532732028237777168459419761197877554
40116442357707242207664869313754547420991099319390713302738219721212510047998
12129529339980856714076406118368829138294804766524588728067967579889301107055
34480541131926514197028748169253907760981315360506209568356311591153050589830
26005292620851650568797895110076863707808263972207523582977398768623168117835
165453351901159981112020775829620101657792975013264089780786505587804569855
35029385384439118031258324115078309023364977304691165810302330359874317828358
17924291743118044575480365871680646387627520820692450231330801121253040298165
40095027211186934898143558933943832312456415956499576528502709750949343180831
12945381978920548368245562093122110400698331019098973660456346109835157590392
33228012534044933019271083689806055321878534468597541971282256397665505847636
16754502666222842717816824520198463479571674257612340962622199640827362101212
4668732853511905486537881851659608673517192467667780450225894658092194934811
22648928366807858127568177007685244388668380696474727083792997366874866173288
10522717608662467160860946768599633666252403804449950387902250193181087081681
30719209279668920257166577353434219464013836752912126191268479818839543435829
3044046597108014895628514198289527376239508701196192732119741789183766073748
21331919351666031347961294494474606074621103653458348566482407915090950823508
49575470467272234439497252816503135943292143898457351686165662543472518063903
43256910445285683291051532182447714368568137083179867089812633866876955224574
49078801010770427345581969377021265938231206531366538913431309132128866650706
43984287380038918167713567021250496404932928042351178058003360023320098387230
14597121200577697348461271968095246868970050992541577175069087482201008840420
33077044285867280645062634979271450721560099358639275145934239235680698525255
11124833602405728125395852337167375956410044134447273306493014570020463923734
11856986798113539435326313339827517760416293966396734225879945470479493781672
33181741621183817614078773215412827000612941642749730860498439454538903830445
13855221178988791412341095893226131726636357994161541417793397959066488898478
45974351819422214616832170011253397500001817417276310830593590189130074012511
22660653181373011687944978446743011999942957702627589847096745388584075161100
5585920021077397327051695263934220724757671088343083813119703092122516408989
67286821459005860655077274531160224406543560495715857298187802088599583765
48534176281482403397757133421313979388368351872766428737869486893542604857001
52327630538246481309174428659508873331046199545650729376493877743300321089149
45809534556497473623839483148438354931584767816842636665976300158728506660027
13463711232457751936208583392031796195599106521946066471158767148159190272912
20676028100921752724158105983979198204986970690928364828566050396571317120714
5553825727695974090635402393101252536965677027392276011179059816471592256829
50764523421628083111393068814530138708186293714091894321669402998656418416097
47956291065594986303379672224193233150992346425950526086689288112656428583981
990959940367493483272700261573271512051267761873784775003965895141828709821
51465731535576402061465437987160313826921703561719114015861251969022173536796
5166230185588847458655848681273759729491533674352547849169596845233055073007
4004479776766953496672760234520608293457187674884641419039505075290068582473
15855374335061181143809054115378486348447916111640629936478342435425704242627
1761148959863535070301061816604646690204021014924964488099842601886956305386
583585560670130346305629977218114071376794692655840472394570036694717529463
29315556372007714160679165982386000644307318851476713947503443587926726167089
10318819796806575718404403040187592068974338652490956549768745268325394722209
35870777550628903598322763943978988652045751496471465766242481456986030905604
9574586953767592287020863446018688883938647601235324837709441795422966510053
22022559334565092393076427925428797428494353271931159500109557410486980795490
24786538419857955665892351218880073969512742043740993879803531327390957460608
19328737886684317473879335326945858793823053200077521767163323005255889150868
15022800606370133839214598593192105068468251982171440432388823654113652824226
21086559995069869781463149082451627539241410486864864155171310239465796461945
15161172300262674929334073859733375513152615349129143830247527670469112004744
42439631615281772793409182815575212021724144036617244188529232424418089601035
15592825364398764657380851292793909688115965988512037992513205153987947118569
47915165490640515566455563857731324464553280027432408443785040827393464745446
27075495011358665164982706675345000633829392437454359502278534777388179089030
9233693985424021074706086584521007695920739802146710460572104860738280911729
45185466259639997790892488345032944815738459648049657755393781510481405515498
44685885711350427644473526357139592457970914510417479745738579477563893930632
3478512056594942671754967960519951863856772517639382416113836228197011246571
18957169704687870464363732375345100604846583917596266445661095902594636547692
39025677647032294521191925307966964260769966150054396162273255494115832865681
8551148206725789385979608758763273943021490999182971615832541670857987461043
3627885391982700410203996130101683526563111064858431832050512023080821393837
25466774711440281550661472213165582960748499590856111973195324074200839163618
4507234561095361364751835151444877118836937981120276687848431748071930644638
51489250922694151978159343822778020159253992111337633245637671695887859013243
31558728165548776326638204593084026959808387875086585134902505218872769147126
5090667317459034629935574383583729077892737534835033367504211652146743951642
51928730412577341392164576938284504790282635683636802506836144135556536028611
46534406977430570523130627803702218373009733437096747855217601024912416573958
953055599997784421011193788973886651854500482817685820281049058990126228135
36432879073659439279812943286482104428257705028594268728247925669339077106465
29488744974494004914825291878507558104179408514803317885963888609294887566448
25156376696516996714540164981603887770102484976497473402444598776002629768021
20640929104750312430383747804226773853328791982405711121826588370195537881521
2481020751796429105132929179488545270381236149699168910645471857482791688170
51142858569482225838069159029095579075122208970113696109104160163121744678857
46168662181433410070966328343120679168158226604855091018452918795696439309815
33608260337626676375282412070652211945377297948725483953387743621092245072402
18606186506345271805916003995482542372811602756520761213679530061548849909626
22901020760861973648837274430481047742722227069746759682355740986118376160738
33137069268863786956690035169237460826826877678386922081982835659099003808711
31071150095653231610597445064595401880143821495262913907653789711651759855897
25965941395497934562031223839569530494301135494756844846946963532547908027242
7312015845599500627997773538169890215060699324017179058443611889707049175571
12413378119292951381142059352487978642529187055318681614217994905794927933037
39980359157381632144226217281216924225553250403994156173918747119016966947739
16117595363185144315219095101667348398180135584593546641967380619280184405988
4767416484875332493146969894964774261810956265216039078246645653710939903756
17890282791412874750145308638454055104992179340444559366064134118911864592715
29197942784068749664673169361630638352531520171729324304676353965067294502765
23555765573251018056153109977066542064924861340713214229499687853770532513570
4182562778809980807581498690769834085279268172364488190953937654814062660286
39432110034148878423194248443996506598251260298792914996904462980011024454016
27883907043270787522543111674511284851624435907846756117706639911216654337399
34933561517575506285850675836298266837543300305691630405557848099236311361624
35136993901283772660117118988632108836704889903239358019495411663387364100988
40660987997050918409628954686849233807120827218428218165317581065258527432860
18273781911517616230323247654904832424164750854300454841596904393601316118307
24658232298489483780361532108049411015433582334846223647304330295881927718955
49554959254750732973479055666446222273162852141838795792633071710488546129006
11017726746257851848089252965550359006146476043227871772994823707939755372218
30940236964836428194793040403799117945765149593117607008109440396542890476708
34855972398830068697677864564171844710841969632972161484019819186692574922170
25276919872669303273340903124323472089277862952452352605098753232881578873827
4189081010588601795909301920049336274799282064875786431414988419930817578256
13249447063825306959676660249781139501558948061401067694747024675612904970122
6808507872677709592944798180763566268394026883743292082341288668363662244631
24614440529265156560064879963981791881400628503730140747403632591592497048529
3324721254742263087927805943127430795490106191745282152690724075854295969950
36402083580089693296046863490024215299402776412158052823948960145588884881879
1917357436954905327325890565041363575348406692920787282880182629976584606868
19368936665023163420704141151400447578844304197042505755778579497326710389896
13787670139406382848911989057593750494446256331065677354601028432648979761044
47314883115732269403145750490986479232779128242628792911389135814410732386919
12000891100835359063643745659884388841794964072508181026379425820880195698187
43599048436345873074637901457300504420251476317950935986754473487798069622931
20576833214471489579572665287265508815311682220799300082710647767739680617210
12947237277730798185212033542884634260746377497163639451253320972845928100221
51150207650799714181483088248961968315504346919045490383313465520519458815152
6734270382633167702462194072077866838017203485747983928567314025950701794228
38552144466628360290407019231272016469101010683789413106917990775317263297029
35454656445208629256489855609709903435377617264258646879191766169959290421726
30508238195527435522936529754370860268680025951025935337012144122266987112097
47458315903693347368323539059996801209804755710442054301748947655750509022258
30471738035518958528895658389340663252168094167681461515046680081995371684536
15451319731212569382061787633372104016879123631224840984177846925763263607790
48954813240971852471121442207909787835951493554900786133970561357971120853973
13641995689781767793010974565876182272097124395605633781003979606123731381215
46120093168683582201786363667835530288900130105800804436847242441788194667501
34880831795253045620073381791941407573986371679381589567699735657277776759903
16360101856324237898452179562441816104798356542383464214785284050655538518458
40479625574805601305925071571346716386253580288486868289938937973324890417219
47520201636918921186574428201810582942961914071107301623519376405620157458887
36342302764912829474237679722666052962528389070940935657298772523731404810974
50187984130706326374781718971714833888984057270411985868128205658789595558538
49351048337943387390106164015115146694051802284431478092264883491616953571014
12380407676358295870026244057998041418567399744264661684695285704875954287769
33486048581055541673013936011781923115657859609144974206714502055757488781459
9813283750213685908797826545133149918449940376071909022232363478648750203090
23639766744245448416342649063427104776530127658333802249740915432984290475718
35737228539325729976878965057090331001972251601800059051295295424659760136504
23565234488567831404492239105125019432952656391501165863184553292239538480235
5877521609961076141605175244375838294829687968597305391182327516577912407252
16581520438592403660138802697766258556330472002886160396550213179754296295680
18411082850294444257074950429243706033943007946024881553540013681794125302458
49064679305028516260076925703313049456694149857041126174024643960134895088368
49194769881953689150399171434613222930866134634889871297568664962962612869328
16725037963281062391201201493040667305541526771798410952580919766143219533596
9641768021681292565812567059802413526697132998513477855065588793146833281393
27940522552638637354408848697767569045011911294144438894201014085522552252071
50939998778686041081261094059568332499387522030799777054432804403800532034664
3704261699046865006265455191566888629344734145722004258126037468127130826221
29210349993753269949676182941789657878297965744969887733037191415944539674247
1287605564479967038449588624196948340024967640345042795158677820122006216823
16381182820459000914596061082930845049872891725512264525422361811159213230189
14844942651852213583159933132469848349484947158124166350862264782123475392391
20861253446596553697839943182151866279783766357307245982755242084693239456670
50105586893876432414986040563598883041292099354542710111729195253425910949056
33941783652779411266538383404126252548110494620581164086194881448260781265020
45661904308938791962131783068655116832873138277444024315578938274404134841961
31378160850568066909650672897055487052724883831790051236880914765353361774731
14884596129291892623817194956336190312384787548460468457532508516197851659658
29825159977796565606374528464881956188377185474425982754397077402322585055582
45202511364301852558916109628070085140232602705953407739447984166337747068210
8408309034011326743068053148641474307772698185449809372958454937725164372760
23785658684771731559983510348991750945468528018036223784472454513599812185187
15824838865943386866828794128696812430140577951482909545113519663833457722872
32754095765276052814603399956093542919804526339552366349762055951634306816203
16228981896681586697065456298128566942320931696928421036603312067818117746765
16426251257322343160691337764613041576488828047425349886045171533526600459680
3966339577140198491093440320827639711585094311956790060121385683108694339919
11347610778488413224464027702598639657061266976245619045912447489191569704956
50611093033146372650415069493000248941521564873127078613514970158069084852781
7553551232527296150937326036222840921392645306470751813232401830943170180844
30243448584065738812875320512013540218577893954821792706373717405038088486514
19206858289627976538325863298387727748678345438502058295010253556848441640935
37132114401557691216236987561681612490042794220978861164912741572494481686595
41837584931901142163710845554604196471842173727375953733537560998122080473377
50278681767732739651163701839541584159272811854498877985552378592940304832526
31745645907374674391362749764354963537889129353910625599865472905465377388524
37060413222657095089770750979168919484972443230282655326672825072180582504319
14236922089679428294419166585519396890587438211693208719525417726890228049179
21010276674963155095787427708655451471771585132877504280333236580902417785459
13212903269027005831042783637245132825979725474327275371293356867197066329807
25952254862896552421554145202936028915066007368665726653131592787145485302934
12457727546959686103317703208115677644193533202532281414435440059638995640037
8626079802655660420492978532457517177202623638039686858063959079989796773209
31772311565619165635145026784237869629609883653306327147028682893172277675797
6736593510773101687064750031517677063721978154263949984132155609668950435794
10079053364678867938415529050719249759019096532904933714264928519592046880852
44744210454785940291399119276571422438301041778775418491580266232085283367194
49079394771547794949174953832307745637845074735027341541956631851949029695687
15532649165187560266474260746983759634309852619044830138678924763818375882316
21381839292827511972604498795268589189286046519585746835728285738196293676248
52214439006236023116697242486171128229684064873409482547307005358364186321050
13331709584431942114145362318883916872757654226439129543575930731937323129877
29540363615273981460952931754023722514940876949427615327211189502670546214686
43068901211221335435210959295677512980768428167285224802322091656147693174576
16544278893436209651146589566504487496837907255436221302801204507163578740344
1600229460438796910029955776605534839887795865918624971516478490886678664135
42200206264227135149221983741629051505661108589752948104579544969610399068004
14734597066830740745817019991179394980395590431556899933613845600149443384894
27431636232951741634801362489827796248815661402229791717668086589913954472562
1182569893708412951818212194617336608559768340503235569243437296194023985845
24040843646216638032887407115293447617429673984217162862209370244061651054103
13068370171046433059968505614847448433985955948136373841010769592027665242283
38787891151282932540501720749593726744182915254471614204209167414936775923183
49446910187436876800613075954365960467292407205047826381107012874907134373422
29767750044695615596610604600458393797678587013522191454372687472793461345545
21166212744642951608776718395527480646761678317708282258438037862159833308063
32671600351159430858653671135086578568749837228902558415926176330743940827935
32565715668622276473706984127483763659487432613400052922880159155959343008954
43530359084797051436740088601408020953171686306021430531394123569235642313161
51197848983693822872886629229621554191006334073393661316257378531112368856380
12134577707673130620518192319806871996730634512526260776135857611500685768469
4457584070217862124381145485541883438567953349673673152611960977818710612303
43615550598540877393423841696260848772148978791703083025595818980307084711187
30802785085119477419420004311740747642482128063980842415567885567536733163234
51814717757594945164535739318849152582835439515709204914015043034370867615696
28854177757459868156092649067858229627376707471742798965047486401664499785152
43421466963322060495325826978875342842794267210192546983885408000502220174008
32070651721862474536418022438502771149382993488337217869340000978869885272818
46937692702120522065882831572525865853161688944971454149598127557896261534365
27238920635459554212205775597506017370698716539558354357843545302508045301030
424200168190405662578597354263518280528102675825122263315286031678518709520
4078046171697349154514286086622785064014195528327560188639654726797109428014
28338575769660316095218851802687636713481559068117668799923871036111693572059
47503157459707008912925585780227416176800452651305220233763162888974749733357
37538077357953342516328363585625330280981236770972424021166997658986410188929
2685456490691022138166526646340158407568925221699395763130000885544160052266
48826780507508162404614661857615167191558198070907399797973975441408226286274
23714675502119769599090888344364170841198904358086195833355607876219604177426
48701361579361529396092555847433734154323556676437278685174431083462650417843
44234207503519624913695891033052409567736342797738991770701739687966018437185
15700303263425146849911905956455393825687851839437739634508102229498843044571
14270725991615503834310336087864007060197375921418400040121231478403806133958
192468651754435390633790281387512997952144794997938161472136395638499999008
4520921526611224141458008612229858866319791554771248908857078779002783584235
8368968758962114640350407276350803530642365850915205877924751405632570661658
34581509806294069046649717912849990516878062712243853487525323825892223327078
3611384839713798991208179582624697751460525232506786213300778234459106722951
25406876090682703039229891513079163244900297091194240587440749876766360483262
18882129792477107918001312555626175270743434722154584801746951649838441245372
29402130871247709852777918332315608529413255042077403951618476437975307349881
25287435661272404287765980512286289214436039798488520266465878733388209774977
44812689998490282588043126696921910119653665345563127647140129882133921055216
28822163041774488977326309400129569577583141586313845282885549455569032412353
37642327495158675019816786709832613797645050239985937733057960872114204326577
5466652647069553472486907554804043368505951315207655990443170790128787685543
5244385059848608829712322188563167916455432430696402552844460967374055951721
39752494185982205412328574486962998373647465026056337886040008963041567343118
19774260778783497550608169509779569120765930498893758740661870263222492725429
9516298535945677478185544531753819046921192463937697980932608246004695125705
30884013425295974296999612721951064604928698019940018249062166989180426455215
17792011169270022745119141969380509234649157484622070900370869370151318296051
32809442731729170821683994393379500451815666038701544837682241451020437649338
45006352906433936159058042598376760969928057937281523918974242708274786594637
5537919113678288623020342888656414685876734988906194644053022734299096868792
24208442937477446820922684884137039322811941311097269878109307857248223407418
23967099057168641131189101538400693836837184075390884970936594851652640050288
45853356198364070227252412517520688525507462250640954031047800504724943231952
43759241731541628243693126263528522401367475948132429636003748455829554413971
1623957772481622088167759225358853870861154519071982176633838411806699856592
6096509389572530383083394836889269360830263176900267676864935566026298556042
7264516257451059218247881278659310554343678878392803889644390089737589621586
26192883070466613535783011587382383592313778193524927092026800789583040146773
3753317836806101552118748140483434784988820329534837645707327227470830816200
46946093271424148167182643961109960294754362555303416553805931886675098853211
9748419022896428498893722920009266780354947900978895562344775966840085451243
24393374728134693296186544409445594188382532484462093690307934459418736625755
4117691461703415237036311300719133486322656465659142155293140663721726813554
10978307880708653085195408329041553865001077378500790770222738753540905844800
50294890450294841643751649806090634668157891640692074793028992049765884134394
21094821306781607791212555636991405374413602682025773461124922926110737310940
37256530368155732847514526981719555591845760204884331151774750831105186761431
24402301359992452046404417333458760428921189948024299656699938368298541341835
5682776430700295737650391778700029382493145821445048170123261451379322847764
51996822306482664091369277327428995929688978600841242790173309539263647985264
21394908063563124029382454911517297651969463933418580561796995775185172096364
29042105712352320714893510077449445571484777196608898496046607492992197219210
3208495642963866844032310415176627847101052188526121260973254343788243478453
41320810372486199709682678594040553557176479415233419225510566780851683189416
719668544884795289669113329733411805194924725035832435951374814290187469114
7907337520974519371657161606184475381727749722023248695626914333703317523911
49752727140218490464122412628145928993082537346767857993312952092749519933418
50642148244746618753966279946964297410315945810737958795631462971805910348650
37755161348925997484040619458401796622524438875359639722885350342612571676579
52026590100044704810369575070495236936628768072273665301632915278161052281403
26316676357743332169139323824228152151721627742902705041317588748179333077008
22702615931351684677430674165554642099755172124723206944395305066328137702053
31193909152910590813560402618316775684027782765174595494572243607792088080167
3458631290590409303636572612351613466363091512354682826400601808009657195738
46032676011503119386387011402927669856937174573365115546164004125724794585123
51689599139199330920873103735306596087582259029510727166080405507255147456546
16845717080996707710925377820410592633335233603841737871703655234172757901781
19147148943532104157778295934088031088304523946915264287026264460985584025139
28644814107523809663596322166297880344898745611397629300291781834018273396697
4746676780920546985295190689384259834173884830826765844255926720707869196196
3227183348134759431062692156668632108531774295516258847548606963093487619347
15343351370034315187712479447831762402586451422320343248649646389966367913793
47956390554934444846499072832596659139180159443750410236597757741059246028100
1306171611437467284155541110720967639688633925440044084531502756211007332134
46883701959289260316254768672067666843869065319664703460501936908186097855492
3733136790004199466672964793038824727567288045131944234382940163240762480839
24459951588792812570047270470903818820818065513387131896232006104875635889229
21695775423418476343981275113375672703800258750160871646397608451276081497503
13401900875239454718676443232240679581672557191140019535729728397558256775026
26053719933518314524063589716099699763209065790619203047190623490538765358885
19926006537096083031645540155314437647707146522473698314987525263706226270511
20000607808658914261288978756172237120256356400568952799536465186999792489543
38694334320966017651602888413769284398561608259451507397799233843131509788421
12056822049449969737473818035278642104384549169135432752300549829019420766922
26461754767314382721041706606204223506999630520263968755319465381274585933660
43652198246034978988478151099781015832760668382627656607047886957638582189701
18401557489930731333719176618186214931723933402654053637301676815102869081853
42763434690870089892412755630474440375142961475978270246929165849474851065120
50591210941599479526241007615312023806455018716203243985068651471010488369106
38124669996434781608567416891666672149550875834466934572154555608119570694570
37027981134083637780663976742132110124805699816676962688433811868937082673732
41560146852295779898592057174356030745949443370522092246555422256302627958874
43451779090569117255203284146503046338913142786283806431999301102797339547569
10603749951952443981488793993448250164721338812104064529365405008010349629351
38696385939049198681731170458191595305208354674126816815694572948797756439098
35906701715680306968753431693816292923799441328704140980321715777122668892461
49919458211957701892681620283905306080833957497360674816561228783034275096730
37762630722625498869151922382318529084332845632274545300912542029521399040177
12582669994870986755610285146537263202682152070191309668134181669083106429125
45561572520904757151256595549876880780266695722208985806002487193742504596838
44490004307384148256228545902942858528003375873900589702793565500150407539715
48160715082082519774477339015236101674716038448943789150277164339761780338928
6734050615054657290892710656598808347388892882377076313100227792994188386117
49810529116653273340170947024805934426519085044124680038141254593077514527794
35097656785553567383378087601868383771567315126855786233086827281724577247358
25128613689222063603501685302053100384525778913130349301241091740952908566284
36607675953962852616455650425000605613400864036984803879817724898803896672712
17078183897191454026697410349467647173310386391851208318043597656438974935742
7551725587658203700169027695487315015702207369704894740694672820529900267118
30830793032227676261995782057794124638383647078827181294347348261698278822014
49299682237102497583641597966837609756804278260044631912237844222053994024549
18622178268746443947962448138751017560221729358416106182513470007960917395948
3627778224947355067046257070973340570627997989967428334960918263504576949952
46227626718912233065691073509732930276676048621561835052640836606936798704877
17901392726069010504337968129104557082118910425542084455901526558684039011052
11047472758963626345459783764540453158903431628881000183508936613374250536679
7369861291995940207583529568390327658137119241079984567561553027704305574433
4345675089606296949163957283507948798769822018481259699650089105378657525571
15805292967941638788590515734375883411754596844995181223494408530392997165490
35595120789186000118484046113140663006636866883322519259536698950189244150875
4645739001133704394176904614824314379665313346696098341306111320363035567530
50729367263442056975827836956766265239921426209907333582499581790210336473342
31325507645203128661003871030147594583192782205387307830507376105997055068870
50699149434919244593014105264688160332091419265151393186932491269136662488270
13275653455988369044301333737543969908182660968045910730938009578298511887957
17020270614572473010514396145344780540309310909636245734214461501611241446630
689096882403624585673646165355080923802180284095534733787865273202797152044
40147058830497389476861751846925917986504382736028220803133921126668837482727
5448098208556203621233902974352078150233008208962840511293093961271464098071
36341702729033988367634570564810865875429396009670551681334657267649240930536
13789283008664743427074942488425146974050257154354561765798385037555679124401
13076972452278223858990851474190127790829880218468259190053116171837885137843
24189519626199298293611394798560353687842290280930398625009518389675375791585
17101055615830669073570074932752464310593798568873848275864229487690985866079
27351446236786008527242155403718221546705614993347320070029391028434209368681
21140499402547521341299179713922039319196842577937039415437049487135361273565
9055384578563910196270998788046705121976221116716979695829122136507987057745
39727595949508727274241299370823371281660715355679054627001451425744337208443
21350736453069274722109705143773239717408676355367966988468855611018347864253
36155459490056228124266829085334821645304444052889397140946020564433151716506
49768558204752386173016904809208200729980043700624967321842328500812210817806
34218644117076667953968388295096088481312380729501371539107894279918956862175
28237231273793941831480981189148030576701608054296857354565233466036432202833
26235436381730268560459950411032499816565088556697844913236020744260772149068
18849969540007852656815868244631069611794531154724607330356448542707293121681
2179428544097960639917225089052143620542682093065845708963133453374270684757
34005770917333691216729386618957188330840383425937485291279406835025359615530
26359079491616796142474167538918878476585188429595831522900646327708910715206
50664863942206940268946398611198031983063287019104039412679064424769759623274
51132735559846663516919550702094589183113228887685935546248556058805022198491
38413488862774790785874711824016916026539326613293232547663653948637228048056
50047332161798792488161050471107944543487611328765260638626905444859358535651
29832224727851048310924533699827933820037095202330780349453572297824079487060
39805687719001342444290060135161281436614697325150823291575318749482533967905
25428454825723110772012167263115944172132596229628786326725171740290374210248
6848980462793775259099057013224959346271762258263791199064651645697753984395
38703505557169411779969697553123201062168255217927983665850873696149956018110
34242771119053089263924245701940579374148314308623050534965127681699719446833
41244549486797403951311022645554916599700399579714816993039376466264140641310
51891152459214606564473300623522412810237410900936365810093302021811657370016
33973626594262027424010076082310278693982975467765830521691384199734365612409
18502911098866225447641502579169932050211882166157569985422687734314582962642
5557902400014810777994448952110495111662441564706232007637972855099011744862
16298841451858639696148749935585479786878476229054782060293250763015803603112
35881043210396383760889079583811761316509823283352981148717336300016672247903
11514335658194531514073963230018291276492778458688288703466389644132336277469
28500802678081641677479069126461772534956533418595402076980142579405513977045
27547421361175447756770434646348391507488000208012261091819697523121033988701
23214019080561363587880322127209368290769179653952174462409166671253647147089
28275077354639164778704773633409784547534566308998182577449201103722445977816
51195367243194542777846341892970993856587480043916784629847057253975503108935
42061497557478752917464923527740756844514660931680060135147718265715609820203
11576235337107105163812081859265588151482632615002770800514363957297042762875
40035480721340332433255631769447698293772583181442141691639897456534368620349
18117972044516195229112603333239259274817095978074875108386139474451326292412
3854948866080958688514675485244078964064796123408038750838819686523505157989
37453809645684980695506355497383827107121310415318194662243344157693836932233
22458910807153356848365404957214400080213873279587289449655403255496698111647
10371044544238539509823486090377762192135983742102330660070812799939130254726
17249125591875544403767740569221153337177288526569193814501085525401665474316
40943646808712631596630343967480845132635319308430921008054503395014488688567
23680415260840540700214316599661705703578020185939152661393225665384019207664
9770241648004008380309797972942240079493794330079964644652497427397112725446
36473478140699697229968591170504655730036821045850827706307246693010451025707
20445334999083199910211288861101271253462056181268075217717879185099122538080
37314574189939956675668451898631008605675343654422369543364222255842788891408
46182109043378898393882430061054476094229957853886743918298308601330221399163
21904573310009324735386746913364363992825791091151626676277329391206137213271
48544043941121319855538370732121358240611313123995225528064603026207458450446
48667292348336592766968517559584247697820182319932124935889625808639797998738
7555230622628706143694105401177674583497715108026366927371129627698067904700
48412051693290023417777298928015161901235240126432589003850767938628787085382
4365184534867086229054227076335586947393628861392364084848866832670197517025
47416576499872921293065974512444075754294507960662012689973238239604885692771
22462972571078011756052494266707370413879923746839218514022755164716006130849
14756127495778334731621372027274872081968191942828326528210979465739238052876
45994458402242871859645779346007602068671069147636966894464837463655799077444
23697305998173291155151846935319575639068285431217199542814529926659750055884
15539567208007145252221904894537694328356132815805034931887739178960209812408
42767691795251947334394011222808625294277623931105546551844250132015066115229
31812976520133207216348646075224420150134925603063032717009661478159408317948
40477774944218127016440040387464295173666544975297790660540127720496539699486
50677794840008767277826223437592321415818391118459867976330243416042498813071
29725234016316115833713330948736079343868083403833814569162798907963582516156
36880448676974074516092993307059114645360588499863641919745270849445545917846
388372049861323447684063584568214646310317372047176179812003394023206287764
24039621681346658729712461497523345919870422862503920465843985331159313081612
25766394019413688439227831296961840365999432357150200558228896855977683710034
42679535205200642856961222525973588770276148131185039511916783773257025637480
29213801255653068933863674123002991597471622955153918784102526726621218114936
22770806446992772881795684942148118349559306930214674323105976451967035818997
21025186396013277398700878135569116432289736243838387651843226355015499264922
21407559653001392088467377329081292573231969819667171407180738351320615683833
1886081520956819259415301286369547731412618491175355656701873134881648945807
51708748505106189645946530357180948789384030436794788635587820411952825692994
49050698298488690812801369607054355548692943591721337644853779440843558766263
29082034236898481434014145293624751133067373727189169465773527771095214604602
48692884949370702419839705378097643494789032220722534842145011754061558750065
41989945548875321678090796467336537092554550271421748414329678417836616080621
26821837136009358739999702328986246682006930861301602074550951621536355934188
12442155116843091661667243711247460430145351185952629606466934106048928529914
354449464307847621863591487148752664280581867529499092909616680736163439834
49897391360978435940089713404411774537517047992756837952717063032452134652102
4176248039498818793504691151907301419626852134785083245491977349289598141230
21344413327213838148249521588461978451180679203308739421472324815860268669093
51940269757280107436967223933989368455691761993863683498122063406646790877309
31138692521892824430184615531671467900999034601382046491575359672847358696876
48924886458038853847888547006630017179512326230826620525166857354410194401994
19710720123742863365439751123381544847834773631167267908905777331484992769263
310644038201608510809452839934310661592358872295707513375916411446071375433
40529360839216596663975483187836209619712157800309055080399510230598226568425
32513205541098001688445514564587137415793631002101009156675854595179871896034
38646775853410273400652746917597467908123863186981125423489957622399237375848
38068569642933976816524844424993191669697831645127332262504921612273623827504
16446079458655886417915609513563043477058045364089140905969732084388998132495
32351144385826891986302586046635693708261634055585567476352248415098889423752
52185919294662145929834490807908029790615683160583175472305081493732630158666
2616808586000974605498495080012876324172261465931757831725942841324576972119
43111015197895312780978039270016065863101529137127498003157868138772873508155
30579680401508221864062224615552366052927775484117765540636724523022896211489
35614667868729731048621939767713119707330530451116025853518162195986236201663
48924252728717355424893986130108248625653387942458593837908300483380661433240
24527634558841371189829370455141383959178122186274362939568950326179485448530
37412780951111750907033513340782704585378599751157658542837229424915417306458
5512193704297714003228311375478006441627328370855011755667063853898725091711
12036191443361691303767183831034596461194627331636944779183933940868125212846
36731039170479729748881994391977123915001333650468646422889250672786127797331
48288470368126422050145725141295049104468269474993179403461208229243314885249
7590322009822660509539504514114109122947792205419322869280764749375787245941
42050936269180064727572950681717105629149002100049133891653262989265082964380
39699682184042473154013540602532242651914839095785767869780338401649658763451
