19038359569511602709767578797509788460753315356995381543046508473916084896045
43449983601292366698693468290704938951898069448842560785402483453079089605357
47551467746435018427093154764274606183400723792238451914961345217262171766718
22466362514343967392824572181560800867711048834102327574120831099232985757204
4444171896480602651291418208639094588812403463436781987640726456083820462822
8767507721934569305012893302400689383813832699581049347083279746289925905958
26928064893638612433364290264173878224764451917253907013985957178842653986280
2400825287769024016557580663867961746673742337147794872261934727654676058948
22548444753021742054443153009547517138736704999740834142091417395990698832443
43241527638431453487722353751526098105032072738138810474404981994334871740313
13856853712158671263936286441427888579369250469943159498372331050595216754593
13855513228439047182277716191049358714365554373324349598645147717965261645606
37425939820653864135954688853846471495385960759106501368675584918104106249191
10301837798886780682835704791280805041088140561826074870649336422482198698514
3331064426893322311672540027225951552100687139735105328516439717770035867470
12182765017693233865815472292681864681552152165975850414600435400493929553956
5790929410398073481153344711992771504388738270100102145696346716234093645419
16835825303020224502629425104865620814392023576688929270882684879983439028574
33798519243154607967820085190232800707069030691252973843429727767301738245669
9239432545428386992288912304899891201648884021871505510845906087200197168027
51735780238018844659588227543521246898858280715063142015430925365226248682459
32876078230249634496421313704035077866834932123730179165358379800534679820230
4234518233693989767975331568183225291267152238514179856807265711304203204052
52433940862377266703157621485144646680291095142881876927752089555947864967109
36150232715309651416956541582138546214884473849106660307415192618349648919393
33833728387594412784484070552569555016387792424830026682305983782122117114505
1666402058867525486360554755484641179902067490636206560654628171245621400509
32687543049532223246987629477980766874155178048606969113069808703701956353057
39692709186348953722364807102347758521648978876152066065607369209672210120721
49630259266153897805980291324018257975349534697353486177498544260583393611532
10761824137972760869678835733050465731276988955725312598055253668370120651131
23387368013687441995385501240961402919027337241152644862615011543903801924602
37654450293906760779778425152500700022805956562463406577649429343779966273592
36115348332603479168868801721090270936617934686075167262342588420804969948842
25740726248943924024364688305485404819082295090985308695007616610565354813698
16900161346904860249432822861185318018215626006535421812983729232124885300193
31994003760557210287559543748091392490612196015440316038054104604019599627601
35674207478314206998235322438656827722983483413639360631696235020863980307587
15508104371561590444191173677567558999689104035173887562751685227203307229119
28909266615766346674806969694797997052839000072039504051795436021828043514880
37845543157625386465792016677816098409757398226393483973118938997386525919161
13130562743140308581515520467253335706507555685004850613990330375918583384819
20953636369958883310610419346984016735951378209694444043278831692994498184649
47331952133529099615637801543795052029770959326199730113740633189181208670721
16707257592421322064506827510853999361719052786612193128839065126985138081273
10503264956666698601506548397655634188652741540604320624759541291647380257990
45195082685586420773028883527610109548747822020427705334521517330212207180928
34578936109343344558516100562389259941009246162409317149125777257039859784184
30820401866678215870387695260857452557017534971099007721663440832231835929832
8215827428372752344445936177447603512778587196693044773411782287208121737539
2429836069339446662118769918387335898635601844759043127170741893294349127718
37264275349591435953265506202918187900624544971391952049139966843610057847275
20934941688643138254622979383929690723665952829720025086837282138274308786858
26828792083490021087948406497268161258808528634774319367952041760211355557422
22299164299042784442055079996293484539529298561456043196020214235615387990102
50757392535591646491163857859030287331767692199209282494142681278597474518020
1147067098928644669608828484569055919902385841137867890338696351007033604735
12978695250335363470013386487057832961478926179937324041317519825378150616163
10312208570197772614433080979807269986685216537118836465526546330467409416153
34181026623944990932514834775386367686943317376050726664239231766311041256162
5533895139003491595239947810961594026091074147199138963362314283058555644637
26436416706266238843284561031134098450475474959204706321335608736584251132704
13386550954131392397506777098499827180465260012143224867145740896910226393029
19390004720792004948851228219447498386367145958318286573707922051889834035076
10753616068379633332899314739494142982978769343338351574267695948656951975806
43446080752556976757126791166556459685906181636560038671409504731638803288229
40638817773749078520614972640387501061887473623917468319886731570489993460445
40513056819394838903900718615764087218315219850933874097593767189943161360490
43320431957633795169858904776380100771134006241865025900895672227001027990588
36320824986853581371844798704833837751205254119918084299245249693160537409806
26039796606419385109728762206229252673192319086514310113422970059661252626028
10680092712387193351354219772731016124475157247547415200069281707354243345362
27775900904004141078691008077652545771260203006838148745317476465380237785494
8341922782478047224112057568940478057951908469616267557586068735152382319565
13591284995939008678815670717069103265977729847986909339448556522297993256095
46848214133014016807736819376704220088465952178737770674553359229706129474374
52028910437753780737214987445720433793331625940519314769285975054424835135355
28254750596790607954088140234254209301600256926072324172234201501880166170473
52057154984786110586221988053150452104821975792825904739051571028551193292995
49527243481725998091054581156350621720986124230489741202577919180016567244881
12720647126951682781631131651991305109966908127878009245039333876333238800570
17059563667516308132836127648779642465463250953387817288263793126139800491496
13455656128863615674866963805725444410634844986171536763758638547302289590258
52221674825456758397224274288020977435062288282468632169515815501011954583785
43812239208713829139462519487553213605329524913882950017667837009191813645057
6653020514618486436256439258521257778129777495698411944736605131003760187206
9455153784116153069362535393120128755458057542543213350771028401424044385042
34124172411213204403958393811829645932504024371603921917753687617094585550040
11822950420091786806931826504965762185110989135252307178772983264566708201944
52174817446979284419061443027912063500333944640018195949607091906660174755001
23565684327897463172776946588907899359428861632467659789689624226176892892003
3591690117017156074205317258046520883245585774470340828535073505261518655455
48479426154763321866997970021927471876490179529495571861328188797342730161196
31942084831630501446299765132073034020778150404340082650270586153458319041435
18754593764809035001408784355085997327854020123608175825747758877290558389413
37898584674944951565408676787828839350775784848237697431968300568465507390593
14170025347209627536271628388666223747648142614639161562768747454269817063430
16496822549155873022660665712260965183934523226881461757261646562880690488811
29600983802033498363983347161076920803009216234464471442655103375835063275354
40016329762481111550499576671609771046023264750085771288456201230049002626416
8698211335674795110704718172217065284512485511844037948387024075646072989541
43740702358738615140448008699587439246843383046014640775996070004571740547467
13284784876622842114532434545945313288099445226176744285802766025299175617672
32100976609524138259728697858325776148446968693709484447210034971735031711692
31579867920597994308715728139196676140745936214975547233172369278850288667226
1450024593578245255124524584652346435674456864432133263807465230871905426135
15822490138751678921926010236060349970544774931685895032315121844128984199303
49103704711517012949048252329778938630843190394539986266858222623246664493352
50576513201332665034570883270297238577109850406978676277836881454552111473724
30897513662945109637671013996482855752346307233683155486352559229729036740379
47918654452192106090251212344655749602258514519519017168565458607303875944143
2158046583752038572566565838115251031443502631377617391007886099204341375398
34458953112999585925742776872314303378378753230776337376055673550497288248776
24557979910287187383760195196660065694106907930631434258013765561149060771679
17400569083904713515791996807596167637827902117168001669084042619803492195809
6984075735868087921876821056631542893166747050896585811373426898381814752514
33781521827994571888399617920748527335535251154762346420548634147941848578828
35369630260059335490826847559771503604886134358823378790778913776851563413961
51277325432361186947814694235296044825638136806622377333879263664899072291969
39223568766762493484360402573823956372730664636513100136658704706628601437933
32874167831704049922887700669592565720471317352492619598176153857336215858969
13537511044802630720980626156996852424947868481698421702358343704955268390167
2723053049358051415384507670169431405202997111113924528924173697045320986178
1501001451153333768319969614597326068681562571433125003739053080763332626808
23351074885755533135727981825695099160178373417792126928263358864974399943206
37907194815484628944644579547580054810320759022925728169647016777932951228554
29834506813193576969336314150414914965358053115398244990987351701940070937956
6035689839085487563107797115851865490709537623940284101375364152353855191566
35408096470826145439333511308899577064365867755510105187587013363133306703463
31796536466725904511630160110546999704543522456894505456776783649776218679283
25532178202661423931683747499643994355688434989591381307465438163487970217817
9083890924882461129132079378282424960188482072951199711637169311989420174338
37226209719467918347012863956205858708371782142842797441388452392396008825273
38292094561044366145731054262703296543956467338290252311458675316640400538119
45537203081340507921300523338813999280810513802285359347928436811675339828325
44519953164459462345935637635533369260574825032808124796897512010838770278252
43559509768155923398541468702058915903717608407238852088624013476798794206468
14911332101708295354071130699045161728065270798754044010551268370449157876786
45351590421705253881725130601162604955002647330478628520880215690238870119217
25518287755442070686366918708226080352619529894168380150438249395153268290591
7287722388336521016853402522715689758344014582356770608326866647997074055330
45667185659605460446503003087473617910776330499303481899430021948637888198304
23640584026441768389184044824619820157144360668582163481000059124030039719312
50136421713751669750846950812392763728209294966749394006931069760166200218045
49357870644228463372585652334673649802953075510885653685107043308412649222632
33064604720547861035707077973569132493896535195262823347789077089071813414092
18040240209334617276784766992485726630709735233320817748587322626050055790734
46409397235221008333107113379003646141756523852054293564356783554707567599696
33165669935034965477300264161381991945725045846889974320925630241641095950573
37266876912037645229972752226674841678726410285028932293643693763153192227614
30720136440895251832398973928377088732387524595485090689249841363807945465461
41205626467453237430724086771419053277321293657098923382357476813858780881189
7163470761741963404250442660463654161858987160453371082188052428585076410365
12113357517779217088919187207012967082285569770349297983417230601908352641036
52429025673160250258179537953256639089825044436284467565527731234184722680583
4963523231949154350868935721258298144849140399160618429131126171042181614157
28172122757477963544296828457376183309207602247731319487956441408677579704761
520664537875534466684424719932574183552211853646088494653021368861165577319
34955904008910451705122943284874722726561346419096154434528809230691246756311
4907522382040653338411912077186181705797774893033445972209220273492159325568
37739042125028203206353022947174399057212707791047050003320826383572604249393
48803184833851657151731100707548472516166585652519313868921899023263696297498
36193336464098999391948313059324683519501400136306484098763898846708592038678
24134095304409064733766168753146016636100043145755635606777182361048679933613
10045329822150559602083256118001577447565435870006822857134069119477617261640
49428010705070218092891246781819364546450115101002647439217286605800227574499
8131217252379502077936334476763341901218611853141979402203121616736883537328
23857240627585600378571307943547021828044564019717825775913261248675991492305
29495425794888598812007596536705437882099403238467587268110108856020168716684
47786279293184225744811818844988336401295473688249965061332671991905228141778
9819554233772412373036584661110930425364403328772391998166670177493167615324
7659106736117187419745533579836371853585927283235092096418582083998292747185
25457572016298944569399033453593416353672525019209514416660974742373524986655
32655121557327152994513341904267760325673704726628322329756557432389400558920
37819856595411476211214008832104714338916900991358789060200960790779846717584
51861478039864682405322568762028963404604439053124800908075565923684274133425
11164278701432872313070054390054378677158061661676254354953261640146396330252
14579909427168357638116663231183600986822940670370370368067209494405666839938
6039753847636053075513798877351932452590204075672464588757757408542609719224
17858086019818688792661261851980745137253429040606137223997523491977134540834
16401723816394015631585434383350975174586171937860211481194869110105967501842
45679468925104258665644437476362454348232601883707724834944193045446469111098
43275741707703693035240431452783722219154847592417675423092343384312731773191
15491218564518295451053284298849805074562177561181627686894784175355532327658
44947109187783460330453219229904512201144561728971554519390937987533880685738
51645976392672152824737366706736230153026210649380947959000891740877011441259
45167192438336256389639640792459309918294973553906061250679930683002167922685
10247543404310965655960163595911198555161421771937974858586179207172364909965
23288691644390301024384310941167928533376022953787068817221730296700051927494
