21956866713093036820558107068062898013351448787625690255046256017911495506905
48512315657405245937742656049320682227674201788589735866289313391521797093747
25562658013826600198910571900363536874294857161070633517533212834107644477539
50961020355036267893794591530930514039924678863255327324768351925201819835401
46791007658959607926583171693138142412916359810308218900692491550497152920344
6773756207758347147707118471584208225648638663825029183702117087063033642260
4308049753465763290803976261689322126693704951435970632559703928821975981157
6486823222874300634212803130173284250820757759120942196554825030017395648456
47287879647950837301361728193018933296592144260668114409030230450773323473675
8549831116679342849891362161936786837044830522433443144843438443146617160743
32194339637184560175342591450472027842013106917997462343609827142756057217891
24109467662451444456647510170318185988744050603582047501334591130460472126169
40598368930958431796585933623084295481327409655712744547539785667963675828749
23798847258489770360344674228345680835460842511419685282163584315556484643708
1210708979075468470163711958336137319869038656852463058099037802467147946465
35494919613942077223483694464670541835123863762117339219940555806665248838165
46941432994054516915308900186957210288199116843649175837388939528929842941162
28081397239609502766841886540955272929983945858655914733528456854981321860858
42705377049882720198065452602686222809645326090545455455315929854427013185761
50708208029587047480328514977366802100311016808885272996481609107723370243582
19470984235025746306075761079824087718145418751722914923805317317176547236009
22521564409351745850513222685432388050731015683003038143014643488623925913188
15897038428053546969317314702622202150907233558879474362510596781889674856931
23549379537220737968039892800355054609569648882043157625813984055615048787906
39629472921578203409823147782343534106084979950989425130419365694403881711509
39133897825091692343796912802811852040010892701803370208683791102421018279236
48576936160011946491122271537065515707579617609042902248264684220939588084262
21261499813827109690691956838959005090100721344284659991053368394286984702552
18925187043402593643642195710577816600603641111078009489365642113717590853698
23400423423492277659813268878192712882652403322523010193307368691704824570205
38835807161775915829127891297358559569529259583527077431907550073575576272419
44662041766380255014049208402231134878352465128976412381895056517115782512673
18129447173912862509392105572717090956868804165640371887654635147524431195864
36659969334045636904186239266419766978943455424551199821894718223586621126669
42577673664855718353750829419105944683680515899398162269920387747530551216844
24365281122586341168512463789927559366196554254200040435655430540818348046189
50634014416629342006069562322964402001225983547256970952509332599979173462543
24085115944880268403358442367189141698093313962337428543327190866312050371027
49552958212003410844226991155189004925573246301129290165821347648816063231767
33067382729487381256420910624198403966043242422651128059925756876102121071070
50547480555182548786326669403531948579934432239342697362278207726457868717359
37219290749729743726284837439469346921674319204283379957729584053010345168420
8150837787133144869082070261187291169548548252431326932600861928738738912420
34960318795685531862852159669474820301384503100363785091057342979854042132351
32912059680951853686238212304715149390577908275528395766444619285143926396513
40364784179149367816983106671467695658942448891886381049032335293945313606866
10411734988643371466270712707557735277207879514264461477037039206103928273901
30012626854924169444202794965542752761161174393194729011497826522921603284512
46190115976123048500843373691323985175320693587084445168828180554939723887031
37719255999324431521999721634775497073703655902866967069711454678100476423684
42320437256126900586704883305422650086860601500670633551185752208466103801727
35827949587636040432131703048171401019033321118107242196707014793281638335916
16452827376763761192428139646507961381854641600219167361396970750375595003205
34692669659951333277977615213919582820660755083109833435074286527776367768345
37805200013797246092211601952058805698187829805880957552798496781174716505358
18412764185759341873352916639302549593280570882634962665313247203813242029471
45107648904228876271989567986720460314430829255739500409168983282983251700546
39509846123538412282994439984290836368425712290082578379774778196224137286538
10250641598180712789230413824979874951360450847697831956382771590164940552562
11624050494728562793783363110004510076138607252544931734219816913210751348576
25168249859195338047116092964771432128106692657246217850155962609027649701750
25726189167959564761705023055964276615232323810013512376397773643121845985471
41419641407734324436442173263525181122494129568353852138070521369659300813825
41307747514428796344073866076734468038401476818803492649908575982735242919739
13365039655290451828906738573476563082602046251876373604154615252497878027306
51332427686301501741854499784305378474464304609415305229430633493975972657586
13509850329802339062814442227783181117470794185806822944035446594127568996857
831756758137396320266445361252830998468522261629252237010985661247689316418
41401407894111397387022899832386039912668069285160076046340379209911939418433
22794636187901933905359609581494946611799106978398535378950170028268975978168
14248943625726364692958584550234868556157047331209837404795458707876982442992
45782879267761883346323621146739497940398815451142054884811704067501353228941
35909896447858677949384016078021468321394653319563815942732639170869615444135
7471312971949181640731495458788369441827843876615496844300909851708809619174
28007256154474333892216587400623570882123404452977562156918601628504380224904
34390580331367480459567765354623267337815620887657877542978857313987533355982
41520827846958229836782891815551211788607345033607127548536946718199098136763
42227589408660240673006981315642353513327469740779739367557053770227133858733
31908044899513341359479272215000804539571197784827669285508357398596961869201
18819519529147769767291899786761963704470615426892942072815371815569552932775
30744784869638332686767840713664407638552124925058414231318357810581718012484
27446506259901360880814262377426129858789799949329069713467977344088873160590
5062243928460022816714360037138135154899309876012794699191718343426107983381
24924579891428313255775291472599487751628876082883443209599468887440278592220
50427709238512422999820877313605925999024196423351949974525652542365403424976
12141485432631787478681153312147209589389745070678290384981712571468600522702
47801089282293713782315809217370538730048763407932709722482477648787917498740
18684370793162945820156356148840509349345292442405444175055818863208714616765
5108938077705057247267373652513373189552511394611065745010347901574019902166
29508864379127133963323064553977051643722983951852943699253460197704069610590
24798840575492233009322857532414247358783385626316798363306788322589151556520
39574304327574133181808032076917379054098971751922301314367450317892227766300
6637864432906353990688787886549623556095784672623316851039676953741988309697
31322510761411147973376321154749800685893461941143078529396310492829179621020
51874764461708214074234332397451907917144996645048659763517936188831998203685
47433310541470182540963652411847974347687822017981518391660808271592187108806
2997879714008937419865672481267180233365141124847725809634056791712594247677
10166241900481481255798243816145367165215642921410212096507541619812797026485
13649571477104579850796895468269858624699477988572787954130592416355085085076
5732351233623948206918678945920159942318137436617841376977755099638735675576
8249601264602194235328048377283242661154087978569456957276486608189582150296
3035016953387470575915559986283395109331223831099084176214308526759009619863
31000164346591431161140547763703178560001797241316958909323797672651283463914
9351296186269295411499198796445527696427372988800569446957241803840069120609
8197349113531696932428869007679523364543340860361384489185647552295748244286
1191691793781045945023203985821883304165273265354234076107499578859594867439
695254074433233608951498813609222206527974420816320978300809560844846081651
20221743337051263218778349101461125437906811708508651547549911148482669445243
42010100152297795917426387310274852742334717404710570182458398185260506441867
2850705954017176942409988778648410123700204285936922957825454131533813067691
11227383596296133545376823278222778330680357403435298004771967809898067757482
48607242403595498381219296146386601403427885829559984875406479867255506260240
38611733468819376172268962309281884158758139364494247432644576277181643025904
45362179154596723986667336734155941448868135245919440078201189883238449172742
29897504044395805952635864205420412343382873119992038437347255018514365609015
22780303204621663890003671835027593257363993822954917659116957318842586949938
28558122829970984619323692262966068516288751747346384780324040512501069021817
21265172845365530424941037337109593949938239329721697829116131569261427061001
5181550773378061264501391772580616611464249034232513209177609643328318027414
13945934762945007584628604026154820401111426882273538473097381662252532877892
40877820896341465423330389562379747988682739293778397892118814529157999444465
44656056658603284771739722995520401809234293832646121152913314484090406188243
36729625518617805633399020412712580643850641572951940901611961576939630315211
19835725942207974705003221253642673794862844022728244244439544492304638157372
51402559675296083764543166910526884296766675847220333109215334475332046397267
46870136221756285888849225649757860042388148565282877833897528284684107587434
45849071622235191205339224798385738199902973076226272693420674277947706120099
2466669488152577172565549149560668940999192636948018253566267275387058391968
13825156846386575117076366400173336951922371206978273025630164125957922866084
29961245782559276831400402856804738000014177806372813292648124723811234539685
37481668706066967901343598439596868839938257776617584847668915706429463250936
12749276764573809060733396039405446473491664132927654102958338384256393224337
39104386919413282586601180056795620348769744299938529918505782813960026164726
42625682888062389205110006810580196300576067737374629964704205548782217868883
45926495307526860339080937796903496600418149906911284830402418032033513575218
11139806626332940636634657362911049118345849055133358487796094443861452595650
49954749457593674590591570071494703716463932344762749455206366105636902924331
37804467841581279352871806523387807553523540961567522156326361091039186217791
51669024540620261364414806404627027713464262477074516737265697268099555098644
21178065675623694439031886950540450684375199936576387648549458778916218003253
52024664433067530809699243071347116951673135309905706956971825750053976295522
21964395278521011135090547367463759732158310251726604789117818830425291834948
39839887395316487482714244430662211960830227543428412604605785444931263181693
46306519971573793740597469707413320267872504341396128416076262322684680834723
15082127852954590936066508978900698625817714055685140611446690642849797583550
46764494156559933177937330723357697325363163265085996789874665322319158654704
44451103981893994071793508620332715446577908537490834292479629787051862228355
2968078214331667484633927813260064569971149121113000691327928168427174237230
17621653676846921635381458922058235338564840361100833990459919594042996757059
11189059502094680206004370820510033596644251354179549455458352221210607786937
26375762644403884253348908430584461294866818672263428028903696980206775827645
11165378033526894823373595805531305340152415076967837771469060240757941129457
41762865594458893100413939754852935485252079569989873172697913660821626902748
49181296756690559704808955304342451125542072002236269564551539100791452712288
43033300208844564518582105331860313268435508967223773922908852953990954603306
39978933458644025371391166451991804055638366794290786855575086597679484486856
8827434114283605535980779248360687577704857408722190712552435184721509798778
93218104516800343148843139483981494363404909326475397596666649607512735727
38852147613540291692866771675124389179555138668991673633823434812934484631134
15746768548969692631869790613681802126281050609539896341787698874068402749658
3359801767799084405990144434674744208853720939378962414870674583208065565402
34368799530812137422584768055241878429084659435824148845480188092298236353797
46535185528657957022013234181790213109796600741289758283243062261672639348175
25309428427793163642130090250222448204391529998208683039654160813232373014052
39664238305878631323036206705420365093851093384916630263408628804220127693469
24548650159550793487608201991492799771562074764251369791351121677787151739471
10099347044971432125825813012775520569893170802400119626665677498713854988209
41217544664912400736717877174246547993576730798337782585833887522794790696453
4149697257018850330477755264932126867082748556206723052416804694480769531931
15532814273737739879125708437211608487531183341779237562464048094370051773301
21162044272347022656209952984826446640450687855670509317813806682676221292825
15460336404883281046905314442099179591094880219030316675505828167375906622047
30691574524554231671330584227987549399848360114589842027870622323471542034456
4169097233489359045454738789519633559188273708140876962248515841788573906425
33819996082045052312642222131105525557004083491427470557787458604613815767634
22594190020611956604032057545891799098472099836585867871543873650001418980476
16644995479834168508070023455559891689059754456383496685381853405894387374479
30283002530279000588425582059995483459018675556682362493588812900178948568939
42254635851498429312774612447042897455523404884107723066936890274686762018353
24919894977655599050967074213424674624984288216465200963054665075763040002155
37078193250094126676465906065184709218541891718370058148029861927287458544900
1821636387642688822402587634195093198383550051931316521818578733653478064434
33938181081618552122911005299343405781604920558696114371669640795110944053327
9033593659366100836707437576731270907145074060006687948221158810448012648368
19511114890822932055390745441799506736511978191843654095472378604165924185014
10130764277114211657081868635388411133507043137209732611998139874573730295910
43465240461732356183839517587334182982768526877966640399971840670877097327357
43781375982965083682613749696551443129148709333694738641576164226490030074059
48053306185064330032115575070131805014853403803115900890465037396838376756591
23190349054885060887213115491526773472781100347162774328197921553000642537271
16621308706774589007276653876693393392570994560245080936014656592747863133464
32221955979694240875256940895570109887228936074093847048472905042422345520182
19590302726207908690286349492975694157804277551855496348969460399434883090377
33105246332131354966912247798697190105234236849007384686658963375252290893741
42910592084168545783453175465999257287081276927467503091275811702018194038760
40834106458746508253739538104462311041475703724765089885514850048157892133938
31385829891608194078862905579379602176714399561063531712032380511016142921376
10669741078371091392683814585531109946888464452124662128760237959724449232347
28871633524773755350757325131112024637871894135306973886465276505012769822909
3332594910780420776799131430344998349934079704082965618119129274709347328792
10334510359099611481040448108745345923646455898402577443053561037406388245646
8358599881895813039348345384883905456118882083076266297886424346943345183953
23913131234096199494912353694703231518246718751359512853769539715638713205854
37692371425354060379241782358771544510362174668485492358079838342563949373905
12428039541511597433318338246685978221803127261607445812298738023716911548430
20621404780143024089805535326177546407115696507215563130877213858854226147666
2938369107952959484873434314369573977602418665885879028825208004555410897054
10540646466131133759663927277121192289652587163006877775389962789558283742343
11298777903126922481380459817766341826452598461136712621007693579046317788592
31884428479510699081322096559346640206552804333370111392780014318344191105989
52313837384310863516294083518800946739409546602310121281039522731243270700435
22877993346713859970441303547022729546393341505765649175403521048112564920547
39564267593525466965467827674284628880320831822562959489869306208072868135664
33352448535767702705789754677296464837751747142766193619922853639691032586232
17063879680145764959480287225327582804509779963694186910743498929627154250728
26437975188023336562908399236479440696846886593716319839055206843947226427631
22236992613839941437372492294413592894105208435508212659611288141743523462906
14315942736954199800261342895344221587706205993480576630239985795291801758277
49251443417830977477731196493489797464510625288038598462361043534849139993279
31991160279472204583333124998016813300678207027903992617998543639015475953202
46121172882217088583149512272487977213007403178506342739443412894257706448999
44216892669573975137198332665763068779002812747585299554696971052373965477963
40281601811348422169808270385178274733806025738890747901961164462975738090791
23133790865556226431989739253012514673252914907636977133289828808584365172542
30704098831532468465988886199481110134945356477721440271228581430291598238445
41806604960656477583158157919590138837301834983758516907208656295197272763093
16435898240292489853538039611574704902469491947386934180134941604719071699586
47833485532731901032903476078586693611018107645396745390690163240241904315237
12644321127832894846172072617057697674392363566966858685326935246846425732572
41507405426798729873730677910096595633785263250494697936023176590372361870910
11386367505853199077724048172304759508500225427767960286579354453835345229313
35872634756000788186819337763036914063946575165714194112137410199660552340638
34827565074340676738225031245032258451914270214833567430083308541410732536901
41207343295984104879209813842796675813726536416893574659365628968504926909670
27611480358374780643697237987666184903824422591608560974071198910030347500944
27970458939290702879155427694903757232821893119809833530172075798494285679826
28013689926626984874041919611800166315030141063448294256230518717935958801987
18456395197088577557536461381055815924120912410961938934841346045411185356048
22819147027727668341308412221272872504760440159779077461971074203987398875007
42814490192126442271856961094430422618531187621598520772746762579194283329349
38847032369382882711771621895266334205227116510762714415809313537374726062668
15595757057406418075901146883359723449519396551039044142325137200961016656280
38190053799054431184375756986219557543200979979660164933713531363501794139082
39060348439003053403309146575377963509315118661213650424982422077193353398866
7850528618484107933053137373217102455647466556560137812805602172697676276484
25210736653700216878277949911273742735793393267356192770901810102397530192513
42287512163615398835318758304823421674325368944351957613931580885486542532276
9022894964812110087631166662586516057139706638201521136863345865440739528915
18716548940440434940554610862520147248717269546053057152832527635559246129414
50973675942283102069232668347206280363795852374420276248512790758590559184759
26878056640747984822365789566254588757912824111793201508462768671124503361469
23306384820718842387410720234358207021463064061324393190434806107120573610612
4853812879779207605394250292234424964585087916550740592526056781529825354208
19360706104477312881145870829677173553785436507534680207638596162976666722060
46344730535202442609755235650807899391227861907283230793886244005214023938797
25072225817773033624351072229320881367406644340411661872717192195607251901880
20679993005299111910006285809115241159130696002438588999602513354788177575195
8424214291565943860023795807384788565185062853849625881924300005928223964667
51826850047212944747266962793192601586820268254656983737774830564946950025694
6409018127441626209100297345578762600715510138758060734845751239650551965936
13735823672062889094662675018784644459236729753629960087320310296276419191349
13797995675510876559490467920285353858945862062138103673852928895081493354722
46033102834765784221229992106789302780702324889896279645766815718347647862506
51660647758700709426873272061057213423146342428518847638034740721539535418760
41119255818161568188498215683362318154454333404218698744832524723971392574528
38459131110702826281247158462216994108860254243742729399311743170765761202352
27407749589423694324226453261132284561414651894410355671203363491998148599776
24296033682941174163783704509628121206923656357674628202092498931805342998475
34265020962542314413817370248416495899211692335445457038114137536498156203527
4342828010063861228870477852304512038887309654799106432650979546733251712844
45126057749444622676656909626029193210317733291494440452132254171647101546614
16007361354414024397919763430150733038938869154057480088803410761860798537709
467299513459731056619739068379188682221145741681259740350275758751400797411
50797034336453294526480185935396999352907693843727005115351864181369900407563
40508202556679828101772870201529367971991237860509658509619779008051716353488
19525945927853953659495265076096421607607278683572979276737724366503171754403
7730337237276241626691871466893717388799922430835306346540742865032492075155
48160654836305131475418504787361711333614289343737087993715169115753856497126
17836760729179351823986452425959247171501877441714391305804549529453786426882
13579715383096688365376013399103643468818288192428534160620658270879864536181
51830273092376592056859671168715492232454285987769893893276069120853131314339
16142829138534130524618054885261909439812781304236372460076235699431287770261
12106419200130002711613185077013999050106568340656356611782248564706937454835
37652646190191908494629143778996672157798799215458830129007341270733594827656
5791937830255412416813660023064714297485555194933881701946844550761034848551
45490056959461792643910154098881408639381656174035301325369426499462501163295
29162129447857281969967725631805985284100598216966679644174417205366683062424
33696805172240639336714848216787322126235954173862462570380174009461947098625
2488088290705667658430358397701418696452187664950905232091280102643154033722
225762204323178846336514811538546290649192504482283783907565638567441089820
47311328832882248045267780475734206555933114697875168411370036766114554881226
35833517110922878992201676536859819535081400904864393044743968855486871368829
46273905756621633958615461438410973490301494190380493544564924383305944289635
42383173565292054616698563791550643269240139616739226493105162660609076155094
34457650768239120014081574517471745820706022102714622531726132874008891109209
12372126180827502848319465070131514602375872452646026614005093429300807618016
42625537607410263018042526320090010061586719374472263840700026306292657209536
6628532457058229510110916092258256639330582575670689410172047355319161416508
2677429908329976364120777761174527097882869307458939854055432867950828463349
37358341354242803824675822565244185416217309717043303868545303692362303821932
3288091040773356417531834580362377954851081628596204326532187811765982710058
27978743868737673023428694122434516965946780448581692590057586299496490857960
36256654132181578057936961671860378034555484032894718948209612250896947161143
19462296259732626026032539569259160174890430294734366131455306983031360937795
9239131893371356224164177312275203681482380731682683077955642563407325677212
22386616455849302111812147772144995443781002387908407548473981087864022368398
45704747707774152854082871945677271149445769185117353828485668351577569135650
50264463762268271484777392942803321973068010875908451978196119415275360063363
22888893653114901474838880973373702360668719235075013876383919249231760115830
41456360824739596477525076726860031426560984319995673085092498494742956478258
28219862323333526279355744135031300443117742386384964116962473860305545707711
51923712543266470368043107743969339024837533148858892520168484571227118378930
11877325786959816848657700997427693070536503563867229580264635599704354558868
30266583645396942987819145684998050551727138519965938104032032002620181047313
33568352959158642269796983622460468329956826746123696971937666767153962621139
20410133988997806368866786640412520513716106100930228423214671385571114134935
17781363048522079627658389819421284161718492040034782718826330835387823826465
47542237579622354983375819210215650553121417881046661575283342002356897076501
45537352947109733556292135891476988769086585763000696855568003322622843314408
2097965132479866101818494737163003539839664407517805786371132154577462297152
50315354286815235019630097561209605118633386125616593845360246328260061672279
49243327473513717518311755526777564972239783128096417765630807732555458728256
33948564034638055838294285181506993386316721550170941662856322586315052320762
33773530549577832376402202914985368065107687237053765806239761487178714285087
35380111764241196614892971855485854130864052297300655533823399404137881738592
22070116208843291367294713263236441399153253502264851772403323569892529423487
47300449550412895613045819163494752673368649433766498879696044394571215806046
17687722869878244867428099997527384420834504857852379712905228364883950791532
48365305949973231355800886390675449819943817832585279677710535617289741934676
49889845101129434963943225675707102211553778466265441834684844069477294174464
17304492197362890348016167471244893604268826129272464495515560446316059302124
7395895842456540142009745330105162494538559107709347621360455610769798036444
2217585584274159453792651625918278444388718395291862746561611468136260840764
6073450791780682029270345586093466232350761200177293732635940419523945056945
43199557510212516014369042153905550478298619775855090649955300163777652102913
26712928624102769616002983269628387222361665396522447336724794080297644011933
31133312861178659147988833801725006809077659708260814127561530542514691245144
16499027741337404803519656869471194691030148687392303535246633214710449008479
25894324717515289001388606124937236927145481990089035639269087083105080890883
19639693198678799358427585331165942629683850979147545083400401679068262546200
41419360309146830476778464356449518489637770390430097742110380717186542253491
46212082645998763303976016688659723417999411008714858308624813240849269841275
39827202485767106854253057503543257632903282958133781255396860400129671284947
50881103808135931100677235539813288858396983102759987301672952104160028343896
22083994608861420238414464165980243498710194364784982654764507639038338866790
37454563524510760581291113293526932926102400686590317114751106996362522590819
32967244015271037178858958730886728254556430739481841277085684042531294208792
52202517257762554100913098399253256791465354767331941081117314784618363608013
34474853441602013249144664793206337582164723664684737679544723743318619313334
20686421187436402312383279906652176046023177071943510384199100683442857914803
36079045692313366009375575600827210811258598235955545030010340365936686329223
40005980263869450239066414862673439253072413466148460227448567345966778717750
44836143838366235932234695519544650707414035301949400995196949834706757038411
1942689401269359244330364744214329662209574580235388746609163060238831779391
28468806955952482126263035707842361203141774454663563904018851075638478235720
20121143000057218068265930407991670251558187162230331593158900529655023341316
18074573135335813465108864971251116677567315254499059117708273687603230370749
22891318346564845936404201674682250173684740455857391482041906221463730210858
14170236963247075861577620661800827906814087052392050651180979597857306273026
9855944144477212844009814568970984011942982000954826856840084716652736991077
45844080201788546637299369823762379448133802428931840457943416927405085963132
45905304158483945873372902734623070688698134800624740071883108169838021206154
2657582219954494210298135707623558209663144344234970348144944569211621562482
410577022708961530559000396827247847558565244028786964311812926583987464734
9067642635825469811761082374630569101725511082248401462175366711195551464548
40237506881748611914423002545493846737875672987425684771543080370932702619876
27121343583574891691433447936410615708959315376856743009522537513280343308673
28120538457891653318156101614504427266215457985912675937448118678668908736550
17218590505094173799167261441375108607936504287610158515732020438757665076028
28759425226970016531425772241162710372419811978714061639533328694941134461127
22079751546918203420163147068011864239326506177074468815595602163407681158719
17943736915141571847920214872515021483999557968901285750148304520779139844385
12385637470718684593414139773517329603433684260819767118797487665786530894931
25007563960643341480645812730930515088089057094602971569618037038217513924662
33371921295846085719422685678484393847998360697044096757355576543723475266806
1648646731472710581145265414150720752519102821090104669459471213497859763237
45408118952337865822494440866374603085663272924580568726154071551225397460685
5672835579231585190079176460872097129786377164854028877181022298006124345898
4638469102018039412683733582962279003587718115736050445915146811737469158621
47002467870745874177887584504069287840650900270386892749842789440722172804472
45225809087652261802562383245309041824018487913971528680051135448924428718988
50284476677400305521623015659852913971324428163673017425142941296302773157239
44824862255318089081810304686050128422285788438042674671143447761764699336983
29510394477727564254920040133078175783753615528693234689271404682944566858758
19915483911890755107324557630450783656924041335237335628068103357293462888069
23442242204935375107947188531802770735705911506564730919420688245106412194362
3671539149098317065506890879842221246751200547361803046047990600700176516583
15392985482217089855530492585500128680265673461240197419851452542271798266957
24263775999562814680526386401614600651765670754473207312873301022419768966546
8410087938301126785158550697893657438477059228042401563406643379651803274478
29702425474399644439674997615788304363166431716911862406244894888876285440584
820429251174295640919167275785887449952990069601519797976047772527645493794
49298724863670931142061362894546943887573446530800417967165035480345601809165
32332506969474910227599007761649963012945872894006905482099483610063256686082
5427647961874616655172568164372918279925312100112400734543170216182205155267
30538042556979639195157327101587042760492941188228499096992981430693932582681
16034626029971467595432253661601744004116335507996936645809527381493811621827
2090224151385627327800676857517563874030977107665047411577188797337605492609
14966346445728976584516027744455160013015578067307568529196289476990783064875
7550725746562576246424737445942928761566243424707818917188655336502053873530
9221931240024386738445921665670338188632716596797956402761858472060098813519
1505050327626774418130963047583820553164921796368573325683613834527961084922
28287394841251117560620388639348783669633793311963373501385852906963021533821
795766495059832051400546921356596158513077845518077858300864915274533988223
50059097901732842917933718669179471315020298201942457811881060031100268040760
27613929238483071360880743683083083578919766212680200581384160092446243842157
35744931904667702895759359114808291208698166037499829767805405663369156857269
44741969919024427367127428386319748473233147238626592951131499521055263194000
33292645988547139034312354925663828829108867678328532693795445563884051250861
34444072100392841024011771913357431236578089601169856617243227221319658771147
50645534360308720594647049733329053870132391124345746143221805017068776645081
10691077532190891492128104459689851395933709414670766795049749736262183395421
9098776355960653365004410156973737905465806154430905355620531065785144708934
22708887420576226324848350036777199406561001160874128678092427409732854026138
18869469618984737712231873134748708728962279839251372270604961083200514146166
23614410558112480023586698251341899445574303370491713060513504894180492251105
30129783943490458152618229557930406705187856374696710782479135986452129710639
4737093920495278699164492076488224925489463161690679534116060320244792800851
19307369045778596898528172871829709499090444691687953821354785659568829113853
29810139793626643964289809165256437984299909586343407527468229141443807513301
47597927167299303407141670135711606267359812360095146725742386501356744303291
36374246168512639285177714658156147363096196367225749904201666781577840466596
39069063556689351080781883600588593143513870590749802613320602986754708381117
2721592500857393095509038563511242962486104934033295697736008924794740096282
14316261476030687530602385399335077697540677800327421226600500139946331708303
12964204167943124026340085845513261041669708704250816505257178717314848025478
43468554794467062767975383711473160032734315351712054984053552094324184388660
24820585673272713508157031372506044482007457673588234935418479747324783746358
45173731449326733507411933499660927519448175833822298801831960607082091799688
8745768369178566196089331686521225209321144913976427685241467565488495035766
28176653952160001371780729641526467237988176076710728843235732065283284270865
37108222036457178870039416128065020231398948575078766021014937240823406069217
22669395157659249985000670116833015523197298592582017977676472797958709229196
47329258373476368467473352203557186895393984476834880065228199831158828110252
1623059593935140236499211221928435718935290847391217702081791236381727566196
30826998998466757979028569934437542475301605732216588748108031605368012503763
44545018717928361987559344061140187699850187347004910146093489479056135053846
48152258658137588446707485211626072907334039790039230031378699052085177010777
16258953182867349121796819903722989011342266648479199668116389211186919374259
17477388459128378605997647004584693723961428889493939641309639719808314283466
35163416961582436813832068666832152411098138842944941813265073610412816954737
34086063198882472538963116357446735841530909352105797111381481266102108360498
9210274191737826664632500964468169195577425573953409155475161296569721991554
46517328697484585124467593789960183877625675099608108369195631893512402419837
21288413911173518829201879588016836784768568825295421779715372886224011131113
17260768222246281777522182140675721752329776466847296560839064285394651982187
49104337759915371135239458413705045176633426653819468944343492002402970483024
44733696333436602894042685571802673229234447109342332693344085769806641843442
11781340819795382032726811876981676560384979724916271086587865358168119420168
43053149015565677607711875927915720780477335752030658453100778101741249414775
12863524853463575289256628243003343496447120053392760090210868419570149341899
506222344403222830040488715340695769521153273012633296476782871551453211294
48040702151717265329667464107118367384916310378695104093775108182645330305780
38803501087658103343558232433792808281276834449069366844669941718193525301239
13628915635337798908037639159478392743115446671749194990655740093165479989401
21150548942888026572738807105145470442198566044311064362968539059019501048527
51349282406184560749928274610642735609366356255818954131645163162831346016311
7031167490779126279433126003875225893094231911303872180566934697481346830705
48271393608186191277675113982326746769815167096040743969521162058779487833210
10505226941150936310060659430248624909304505040079248560316362628518356122293
10416414581820124574897410756742415276753412122524502328006939704470549304537
43992692557957360979987234659920118679637536050276739529778354900045124593536
36786507666568288984235888015119385927395631576313041611361205703951490552318
42368441469194961748815280331604301105830075782594103929934456929119987089415
38675850857842029142756935561812566573301499970275534410906044616168561400170
50292741868003954617118523827212805306917087316260853921466117527406619513006
23569226532872593480461390889889973697179422092383708270118855244590143187888
24656404363840392465170635498477119994609493097097083532867888504546996023935
51976204144126048927184827639657768863879050836670383127960743405069896498660
44534597160950271182967237687265313167037300887791090170218510066859170139002
20868697945830048608666126736575408506480094666978940310921712039440098484552
4957828276434225979086582371890388804492227923650468444453044346644956990673
41949865379734199903454826365630312422488757012550408697190115409445280554537
25112274287459833317417821116082409799862948260605925561748518480838381534741
14430253875189007584335866774055921487785285398163294864024602945513571841386
47238997874392152469051743382603028452852169095408603978306841096719305264234
34425527686096673022083842833989892924585283195086253241146884676805153950007
31842916643048457566812832405075559314787765402194299588377513741186185875136
8490616218550869017934090450673524099012822797199058313098667272871914155576
3731461367218187608307397655644467675744165060538802440058658460383451228060
16141852774964142062750936291122787515472476152908575493119267333607052714459
17520200100380045255030290830032242977608427563011488359242425569919492693826
9120257962625986245124043122256255802004771747008280789986131946978573234831
40558722640815337358400646966647846932032760812139773526516660165383601163076
30290755176738345931929506189406368245637299839658742450015497023396790953593
21143645338827696680279035246549950178775563036737349495187141600937606635145
18191270434018148490315411740457885964413846560398857386784162431651607417086
38907514329230189882280551431118944551982945893696472964505688619370407497063
33591151897493304704173881584068129374981908858504879585363327765658395483583
6873623273061171218773777468862886264812038202142480447437634859295030271183
13066608417587224509315516255962089718568264585607092994778537956033026252229
4492678037077779357519710307448001931003149552689878708004558340618895401026
6523182321859531743909354921830921172334768547051630652057284162184587764279
11497639651294294831865158185115230801605043266007677999249381401594713156313
38311673811941699562976569287081972585658563865095682164777127013037615526839
44452981015269623027320573618555257082513195473458601372887792205768141475724
13699752342799769440122011441336600400159680356391244242520720785073414642494
32318641563539935240866053431938584164930532576419829693832841359396505763077
1364185167410728293586236261275202271488006466618877939854196242975983074305
17378817148740218429749727037759887816651633124271249382987570011870549481437
42649964886742598048673902800005725012857130905809288856214606332913110926070
21125214324706881734154544299832217979822160858949919451943126681184992061631
27907229637610483886708966303871388847163374970585687906322411703354802836791
34032097175789006137237844873588551349262376336839796074668570539097961508573
38392341668952347511420562555987534805587894686459424721688994618017897116547
34981718781716284407219183881868849078415832859604099899819550514977867192412
3280804527563321257398679979776609557833615609552784018666939000038412848489
40887572995233110539992612696806853316782055200149190523235853861208720212618
2190398322415196844291117876275791892263180652524336875972267167457455578820
41932177818023133273849050825200372511045622384662160495789544195265601267598
30640033430610159732791846207290822274289292386824342015126871689332392528906
46113849053112861732505082385771217575420119196187743267104378817051933920687
34975155807618225932381315856668585530701547202201588422663838159884151275462
51487450594320005197502087274759753403914217126966557128467391051222805049531
35477894007895025803003870684120744386327103938689850458012293460273796187073
50050776174750068689869911853790341309818835206668727986988931202676361827714
17089464343284228017710861600828211035171525700238751496844023515506516046376
44609632030619764443161832672191221225358844238072850590033511976615397919915
32084833185948682555854300071991486847541960926133035570516862194059595886052
46875726521290313457417501814954778905060276048915321006113236056863737555815
51705270066454269078102522583819678306713550435722338708867347954586417570954
38238869804858126558357300214969414606832715480703811897169280092822585785579
45292486050552212720759948904475862666493933608503062154448275404695047073784
18620694645559234742954558697004860864832554771062104040214474880737044864208
27830076239968898957588169177006663881774655998041301216540229319933959954065
29913397168172563745704567046413514274138703992328149194295741456672265251588
21100233369358992963534178961183976498976770764712371805428404323084414881734
9399510104624541900086107078482684916515368021844634125088008667059674305488
1070218436186616249351915395879356662617725555691389849048153369376674793348
492106985496356599990374682270448561027393824231411836460758650177071488794
7372997002836486411205839661378816244081123777550207115673306796126188295567
44269121115048603726110610631535073071122899428074299189682441758594496858922
13766704889187638832498731825220410614544420768540478439396551583079800070390
45868551767323325211812324280947888429332027653209991431868116105158674516590
18101900963707657348421945063883630144592891708475247736373064103537637792759
1229756310965412823840139363027995691955275916173739941556964515153485486535
30344571703109041748697217248802777730743386952697455304111845428362638054571
4349985196476875371968803237782133188033952082588219226970653126484980700448
36336213723666870280365503967898844654160067979134180758553242158365282982616
43795984323775724355944989492343683815010657564527078350667567545832292717597
28749110717459267700309420882180886421319843748175044953737683889023045862058
6237996709095185558729138887780461048224145787856419705761062218454401553556
15872462857187330303278263724750934113231555390540239773264971209106205807154
25335168865938787282717254167006258240203338247782339131671517021244531063493
20502735337498269630327807924609772495765883438351408912883365573131579619282
1356894902125903019113625821795256147679169033844405963188998114752926449502
13260843030266059489425678245838409331882693296204099594270119362937699523167
47378609912153491756520793435629302864363166487648961537174451017153161258439
30358900948499366806986997755791685627358379135081904340501857049644042940596
47453402773735000002225055698947617582897350531193886047669007055831011254509
37381421808039143162615071844619270592870712054606091166261935674284923978733
40046711100737423556948865330839451555807498107689746526643077090726029857911
51801567597106390307974503909149741969770955368975196534586162024278334593203
20555609094963290867112269965082482825309679892026670972697122242735739508071
22643603141473732924399298555079539332621901743054942008075150196248709964590
18975384755496485118597391225427001612764616030951985754425008276362453188054
26013364740877291233761325525715383387321731056754885772974550414042508757042
10749099883648475500998224553054062730724797319787497733579706077253423348504
4972146704764015801979888434127274699293846291290046966009913245699175407603
36477893210079838123029063735501433159865403927169647943249824193622447802804
48628757881506129212910808277771790697566423076815369343132156331769759419030
33265369314586426404785875716488257433027838408342632909668354198401399832287
14513552631459938264085900178852626212761389986481829951622233114511997897190
38541217132972862372771494775433582361041092697526286775387047710464801138811
938683881735001566076382564265656768092888595447049293133598263183520719637
43956175054727210797645058184170565711513961232278563728481102994278188284108
36751321986877964848440578529881257648478816282461872839783929820061453844091
4225357535552352312345556229811384018450592794868755466504595983080189971743
27302588125588017349444905466157747003006845157580397334032718859292199145030
17053857898714655834308414105060501180753548971503785323680250925856023818414
25862018121422991677563066849742750611418815464166615248167244062907899688451
39824249650445942284450029269836582472373165505820807251759595814086924268297
33108729007393464910272155420679054434508188264702870593838363516076300111196
33072120927491460738815253021247202257038020117110171807814673057826664714881
35419177482089008744075822963803188883595025999036147241319398982407684528497
22874441796587668657695714638189829653162568538846591742905723660232219288831
25949300055275668411885177173911514591618630651657241408776973003884413240170
19308061743929723169277170904345145286771141471752107612979917551726020236545
730100844278812405358078315978811411331305927896292219265818453162940065773
39467203680595156403624523657689708441358717214942968363323481773489548007308
7884763975179120752944476719718358270720612979737865894104373077139125565255
42724360612726715382194254063218232891745532632991618190937973536039575804014
41060372397960778087057854064265775484618994418370236109888066632589547952829
20266018286571441956532888665290238176603060437714153481803642939621366550941
163071706436521727793129395997047144181780119749559094444484185212379384179
