1092033888706381446467550399231597617788887966458528839425026660803596727091
44606590886527143271596075756181302879566200389155138885023904467285148259670
23252542138415782667240139074387983657430871047696508237848015629119103884142
7237005577332262213973186563042994240829374041602535252466099000494570602496
47216352316060159007546630673516190532274317759612638530883822544836292567951
44606590886527143271596075756181302879566200389155138885023904467285148259670
23252542138415782667240139074387983657430871047696508237848015629119103884142
7237005577332262213973186563042994240829374041602535252466099000494570602496
47216352316060159007546630673516190532274317759612638530883822544836292567951
26763954531916285962957645453708781727739720233493083331014342680371088955802
23252542138415782667240139074387983657430871047696508237848015629119103884142
7237005577332262213973186563042994240829374041602535252466099000494570602496
47216352316060159007546630673516190532274317759612638530883822544836292567951
26763954531916285962957645453708781727739720233493083331014342680371088955802
10030174526707662562839384819320901796756867712122538167484768245808649636771
7237005577332262213973186563042994240829374041602535252466099000494570602496
47216352316060159007546630673516190532274317759612638530883822544836292567951
26763954531916285962957645453708781727739720233493083331014342680371088955802
10030174526707662562839384819320901796756867712122538167484768245808649636771
22303295443263571635798037878090651439783100194577569442511952233642574129835
47216352316060159007546630673516190532274317759612638530883822544836292567951
26763954531916285962957645453708781727739720233493083331014342680371088955802
10030174526707662562839384819320901796756867712122538167484768245808649636771
22303295443263571635798037878090651439783100194577569442511952233642574129835
44788830489993846346635607506631047100272347487545896941981952231026336666546
