22303295443263571635798037878090651439783100194577569442511952233642574129835
44788830489993846346635607506631047100272347487545896941981952231026336666546
11626271069207891333620069537193991828715435523848254118924007814559551942071
17842636354610857308638430302472521151826480155662055554009561786914059303868
3618502788666131106986593281521497120414687020801267626233049500247285301248
9574576174641792862981233736512699153059770431404444568525653494343160422882
49826113745593174743497185590851078184982435130070138176743740622387436876232
33404772186581378578195296741809977796906898412559173582545738826488471465769
13381977265958142981478822726854390863869860116746541665507171340185544477901
42708097496222721208711873363586638444270658682917261294351777676332088751056
31233024850916926521143562663753433817223710106325087995044213472873615410642
27595246588915051868943940786712590353966568253853230350798653813186128602157
44788830489993846346635607506631047100272347487545896941981952231026336666546
11626271069207891333620069537193991828715435523848254118924007814559551942071
17842636354610857308638430302472521151826480155662055554009561786914059303868
3618502788666131106986593281521497120414687020801267626233049500247285301248
9574576174641792862981233736512699153059770431404444568525653494343160422882
49826113745593174743497185590851078184982435130070138176743740622387436876232
33404772186581378578195296741809977796906898412559173582545738826488471465769
13381977265958142981478822726854390863869860116746541665507171340185544477901
42708097496222721208711873363586638444270658682917261294351777676332088751056
31233024850916926521143562663753433817223710106325087995044213472873615410642
27595246588915051868943940786712590353966568253853230350798653813186128602157
37369585309194881057622889193138308638736826347552603632557805466790577657174
11626271069207891333620069537193991828715435523848254118924007814559551942071
17842636354610857308638430302472521151826480155662055554009561786914059303868
3618502788666131106986593281521497120414687020801267626233049500247285301248
9574576174641792862981233736512699153059770431404444568525653494343160422882
49826113745593174743497185590851078184982435130070138176743740622387436876232
33404772186581378578195296741809977796906898412559173582545738826488471465769
13381977265958142981478822726854390863869860116746541665507171340185544477901
42708097496222721208711873363586638444270658682917261294351777676332088751056
31233024850916926521143562663753433817223710106325087995044213472873615410642
27595246588915051868943940786712590353966568253853230350798653813186128602157
37369585309194881057622889193138308638736826347552603632557805466790577657174
31679931882816990576962154384757899026172109093608288461447200552123868056126
17842636354610857308638430302472521151826480155662055554009561786914059303868
3618502788666131106986593281521497120414687020801267626233049500247285301248
9574576174641792862981233736512699153059770431404444568525653494343160422882
49826113745593174743497185590851078184982435130070138176743740622387436876232
33404772186581378578195296741809977796906898412559173582545738826488471465769
13381977265958142981478822726854390863869860116746541665507171340185544477901
42708097496222721208711873363586638444270658682917261294351777676332088751056
31233024850916926521143562663753433817223710106325087995044213472873615410642
27595246588915051868943940786712590353966568253853230350798653813186128602157
37369585309194881057622889193138308638736826347552603632557805466790577657174
31679931882816990576962154384757899026172109093608288461447200552123868056126
22394415244996923173317803753315523550136173743772948470990976115513168333273
3618502788666131106986593281521497120414687020801267626233049500247285301248
9574576174641792862981233736512699153059770431404444568525653494343160422882
49826113745593174743497185590851078184982435130070138176743740622387436876232
33404772186581378578195296741809977796906898412559173582545738826488471465769
13381977265958142981478822726854390863869860116746541665507171340185544477901
42708097496222721208711873363586638444270658682917261294351777676332088751056
31233024850916926521143562663753433817223710106325087995044213472873615410642
27595246588915051868943940786712590353966568253853230350798653813186128602157
37369585309194881057622889193138308638736826347552603632557805466790577657174
31679931882816990576962154384757899026172109093608288461447200552123868056126
22394415244996923173317803753315523550136173743772948470990976115513168333273
33217409163728783162331457060567385456654956753380092117829160414924957917488
9574576174641792862981233736512699153059770431404444568525653494343160422882
49826113745593174743497185590851078184982435130070138176743740622387436876232
33404772186581378578195296741809977796906898412559173582545738826488471465769
13381977265958142981478822726854390863869860116746541665507171340185544477901
42708097496222721208711873363586638444270658682917261294351777676332088751056
31233024850916926521143562663753433817223710106325087995044213472873615410642
27595246588915051868943940786712590353966568253853230350798653813186128602157
37369585309194881057622889193138308638736826347552603632557805466790577657174
31679931882816990576962154384757899026172109093608288461447200552123868056126
22394415244996923173317803753315523550136173743772948470990976115513168333273
33217409163728783162331457060567385456654956753380092117829160414924957917488
32031073122167040906533905022689978833202994012187945970763833257249066563292
49826113745593174743497185590851078184982435130070138176743740622387436876232
33404772186581378578195296741809977796906898412559173582545738826488471465769
13381977265958142981478822726854390863869860116746541665507171340185544477901
42708097496222721208711873363586638444270658682917261294351777676332088751056
31233024850916926521143562663753433817223710106325087995044213472873615410642
27595246588915051868943940786712590353966568253853230350798653813186128602157
37369585309194881057622889193138308638736826347552603632557805466790577657174
31679931882816990576962154384757899026172109093608288461447200552123868056126
22394415244996923173317803753315523550136173743772948470990976115513168333273
33217409163728783162331457060567385456654956753380092117829160414924957917488
32031073122167040906533905022689978833202994012187945970763833257249066563292
25502152479148226687745038590026258959193523270333778403916426038039935179953
33404772186581378578195296741809977796906898412559173582545738826488471465769
13381977265958142981478822726854390863869860116746541665507171340185544477901
42708097496222721208711873363586638444270658682917261294351777676332088751056
31233024850916926521143562663753433817223710106325087995044213472873615410642
27595246588915051868943940786712590353966568253853230350798653813186128602157
37369585309194881057622889193138308638736826347552603632557805466790577657174
31679931882816990576962154384757899026172109093608288461447200552123868056126
22394415244996923173317803753315523550136173743772948470990976115513168333273
33217409163728783162331457060567385456654956753380092117829160414924957917488
32031073122167040906533905022689978833202994012187945970763833257249066563292
25502152479148226687745038590026258959193523270333778403916426038039935179953
8921318177305428654319215151236260575913240077831027777004780893457029651934
13381977265958142981478822726854390863869860116746541665507171340185544477901
42708097496222721208711873363586638444270658682917261294351777676332088751056
31233024850916926521143562663753433817223710106325087995044213472873615410642
27595246588915051868943940786712590353966568253853230350798653813186128602157
37369585309194881057622889193138308638736826347552603632557805466790577657174
31679931882816990576962154384757899026172109093608288461447200552123868056126
22394415244996923173317803753315523550136173743772948470990976115513168333273
33217409163728783162331457060567385456654956753380092117829160414924957917488
32031073122167040906533905022689978833202994012187945970763833257249066563292
25502152479148226687745038590026258959193523270333778403916426038039935179953
8921318177305428654319215151236260575913240077831027777004780893457029651934
17090932941767542323445650228323149885995160156050613626553603880754961144535
42708097496222721208711873363586638444270658682917261294351777676332088751056
31233024850916926521143562663753433817223710106325087995044213472873615410642
27595246588915051868943940786712590353966568253853230350798653813186128602157
37369585309194881057622889193138308638736826347552603632557805466790577657174
31679931882816990576962154384757899026172109093608288461447200552123868056126
22394415244996923173317803753315523550136173743772948470990976115513168333273
33217409163728783162331457060567385456654956753380092117829160414924957917488
32031073122167040906533905022689978833202994012187945970763833257249066563292
25502152479148226687745038590026258959193523270333778403916426038039935179953
8921318177305428654319215151236260575913240077831027777004780893457029651934
17090932941767542323445650228323149885995160156050613626553603880754961144535
1809251394333065553493296640760748560207343510400633813116524750123642650624
31233024850916926521143562663753433817223710106325087995044213472873615410642
27595246588915051868943940786712590353966568253853230350798653813186128602157
37369585309194881057622889193138308638736826347552603632557805466790577657174
31679931882816990576962154384757899026172109093608288461447200552123868056126
22394415244996923173317803753315523550136173743772948470990976115513168333273
33217409163728783162331457060567385456654956753380092117829160414924957917488
32031073122167040906533905022689978833202994012187945970763833257249066563292
25502152479148226687745038590026258959193523270333778403916426038039935179953
8921318177305428654319215151236260575913240077831027777004780893457029651934
17090932941767542323445650228323149885995160156050613626553603880754961144535
1809251394333065553493296640760748560207343510400633813116524750123642650624
3343391508902554187613128273106967265585622570707512722494922748602883212257
27595246588915051868943940786712590353966568253853230350798653813186128602157
37369585309194881057622889193138308638736826347552603632557805466790577657174
31679931882816990576962154384757899026172109093608288461447200552123868056126
22394415244996923173317803753315523550136173743772948470990976115513168333273
33217409163728783162331457060567385456654956753380092117829160414924957917488
32031073122167040906533905022689978833202994012187945970763833257249066563292
25502152479148226687745038590026258959193523270333778403916426038039935179953
8921318177305428654319215151236260575913240077831027777004780893457029651934
17090932941767542323445650228323149885995160156050613626553603880754961144535
1809251394333065553493296640760748560207343510400633813116524750123642650624
3343391508902554187613128273106967265585622570707512722494922748602883212257
4787288087320896431490616868256349576529885215702222284262826747171580211441
