47216352316060159007546630673516190532274317759612638530883822544836292567951
26763954531916285962957645453708781727739720233493083331014342680371088955802
10030174526707662562839384819320901796756867712122538167484768245808649636771
22303295443263571635798037878090651439783100194577569442511952233642574129835
44788830489993846346635607506631047100272347487545896941981952231026336666546
11626271069207891333620069537193991828715435523848254118924007814559551942071
17842636354610857308638430302472521151826480155662055554009561786914059303868
3618502788666131106986593281521497120414687020801267626233049500247285301248
9574576174641792862981233736512699153059770431404444568525653494343160422882
26763954531916285962957645453708781727739720233493083331014342680371088955802
10030174526707662562839384819320901796756867712122538167484768245808649636771
22303295443263571635798037878090651439783100194577569442511952233642574129835
44788830489993846346635607506631047100272347487545896941981952231026336666546
11626271069207891333620069537193991828715435523848254118924007814559551942071
17842636354610857308638430302472521151826480155662055554009561786914059303868
3618502788666131106986593281521497120414687020801267626233049500247285301248
9574576174641792862981233736512699153059770431404444568525653494343160422882
49826113745593174743497185590851078184982435130070138176743740622387436876232
10030174526707662562839384819320901796756867712122538167484768245808649636771
22303295443263571635798037878090651439783100194577569442511952233642574129835
44788830489993846346635607506631047100272347487545896941981952231026336666546
11626271069207891333620069537193991828715435523848254118924007814559551942071
17842636354610857308638430302472521151826480155662055554009561786914059303868
3618502788666131106986593281521497120414687020801267626233049500247285301248
9574576174641792862981233736512699153059770431404444568525653494343160422882
49826113745593174743497185590851078184982435130070138176743740622387436876232
33404772186581378578195296741809977796906898412559173582545738826488471465769
22303295443263571635798037878090651439783100194577569442511952233642574129835
44788830489993846346635607506631047100272347487545896941981952231026336666546
11626271069207891333620069537193991828715435523848254118924007814559551942071
17842636354610857308638430302472521151826480155662055554009561786914059303868
3618502788666131106986593281521497120414687020801267626233049500247285301248
9574576174641792862981233736512699153059770431404444568525653494343160422882
49826113745593174743497185590851078184982435130070138176743740622387436876232
33404772186581378578195296741809977796906898412559173582545738826488471465769
13381977265958142981478822726854390863869860116746541665507171340185544477901
44788830489993846346635607506631047100272347487545896941981952231026336666546
11626271069207891333620069537193991828715435523848254118924007814559551942071
17842636354610857308638430302472521151826480155662055554009561786914059303868
3618502788666131106986593281521497120414687020801267626233049500247285301248
9574576174641792862981233736512699153059770431404444568525653494343160422882
49826113745593174743497185590851078184982435130070138176743740622387436876232
33404772186581378578195296741809977796906898412559173582545738826488471465769
13381977265958142981478822726854390863869860116746541665507171340185544477901
42708097496222721208711873363586638444270658682917261294351777676332088751056
11626271069207891333620069537193991828715435523848254118924007814559551942071
17842636354610857308638430302472521151826480155662055554009561786914059303868
3618502788666131106986593281521497120414687020801267626233049500247285301248
9574576174641792862981233736512699153059770431404444568525653494343160422882
49826113745593174743497185590851078184982435130070138176743740622387436876232
33404772186581378578195296741809977796906898412559173582545738826488471465769
13381977265958142981478822726854390863869860116746541665507171340185544477901
42708097496222721208711873363586638444270658682917261294351777676332088751056
31233024850916926521143562663753433817223710106325087995044213472873615410642
17842636354610857308638430302472521151826480155662055554009561786914059303868
3618502788666131106986593281521497120414687020801267626233049500247285301248
9574576174641792862981233736512699153059770431404444568525653494343160422882
49826113745593174743497185590851078184982435130070138176743740622387436876232
33404772186581378578195296741809977796906898412559173582545738826488471465769
13381977265958142981478822726854390863869860116746541665507171340185544477901
42708097496222721208711873363586638444270658682917261294351777676332088751056
31233024850916926521143562663753433817223710106325087995044213472873615410642
27595246588915051868943940786712590353966568253853230350798653813186128602157
3618502788666131106986593281521497120414687020801267626233049500247285301248
9574576174641792862981233736512699153059770431404444568525653494343160422882
49826113745593174743497185590851078184982435130070138176743740622387436876232
33404772186581378578195296741809977796906898412559173582545738826488471465769
13381977265958142981478822726854390863869860116746541665507171340185544477901
42708097496222721208711873363586638444270658682917261294351777676332088751056
31233024850916926521143562663753433817223710106325087995044213472873615410642
27595246588915051868943940786712590353966568253853230350798653813186128602157
37369585309194881057622889193138308638736826347552603632557805466790577657174
9574576174641792862981233736512699153059770431404444568525653494343160422882
49826113745593174743497185590851078184982435130070138176743740622387436876232
33404772186581378578195296741809977796906898412559173582545738826488471465769
13381977265958142981478822726854390863869860116746541665507171340185544477901
42708097496222721208711873363586638444270658682917261294351777676332088751056
31233024850916926521143562663753433817223710106325087995044213472873615410642
27595246588915051868943940786712590353966568253853230350798653813186128602157
37369585309194881057622889193138308638736826347552603632557805466790577657174
31679931882816990576962154384757899026172109093608288461447200552123868056126
