49261553241710690519370795621125578625357015303090852130183352255488416072441
5791029544396730655406599643024894513248871634126922254294671399920290556985
36741260763734764201396056276939922235008962129652317762329644551951456024105
8127133417642894986398017419037588611021078625729744975021792057823191441418
6699816878144314032078394254138393561788324537965223022925824671930873819689
48464540122776499505046401318110581431110702809470084884841788170096130610659
4524125151068270233987680913935109302817256624164837856762307376438640128329
621722347861335697135409000117249901490401713216384799968708995819797797668
43044729396423354123823513291586782476128295656308422764155945462478058721355
24444591648671273289511011083274917364544690494010424656490871451662325113992
21903382515312974323693713998449751522648423310375383349197199957286881530873
44888223638312096490659002978285596553104243170428501347108130991538103695903
50947180726872644443159344574199471933919493492668956105163350301476281834638
17508389370246845187540660643665355498995664007373192637367674325598077673604
25382171133401903687724868595445482638793241191051818092537168723653860424654
18363630092286668650326426910528502969759873851504870306295932852402145929889
15338353494314590130022196075446370351027892577303275536491829888428630993252
16541938887838196671930941607798791147967815548214752905896691543096298927050
34374966521252581316888542167336635848874507602729255293485845409813994431170
734160319115316127418187197691361622714311556300425075568486519381481222658
12313211223832016472909923231779120775281403741333766568955292867867065340617
41962930585974266329698193606135523159719931390053745712044401380352208187451
9066950679718391567053327629147406798023540740125373034614566759563805776242
30284596594532294175229896315235958522359858693250964013866457288481606239180
35748071437229151305539075734187175963106662459819238776169053689980039524907
24066241505924674611934882258657563873627496148626964011546532871647456505421
45802596793977815931996537854833402085834289373139135724565860027114006858993
41129039686764890986104931983160899555118981347254936243234656950461232471227
29912327860589905946015850744336855916360838611721228083125096998578989177867
50301473675992565505620888832236037604958140109110814411531961735430048132103
44776521632715448941742482415840784927827196410174761749308130169855341395265
22270371158560796015935535317573965583482964918619511877713083750471762276089
12416905582905243187023545861489785752659325791102798629239236069572778237561
19186884941574393332007954495739797769108592128601613168720656347119230356341
29664643585224846086479160208091132783884550698764057976575232436911490868511
40003157145584652888678786164293666407639768196412052165607338446944254371096
40999890358616451598883153300479510085363628071663126248763922769887261958535
6907326729612419383352357381123454984110971793610733851912417744200798564850
24302880511464115151231949838676554581890318391576259961504581712337763395358
1610826213933567428221997859197047335435337267448724455165189881061399047083
41195077838835054307869904722224763739780632856765124740609456309368465550373
43026273597570504564313933383956444778855277373917775903373801428214052310240
15070983630028119266157826918139617920804332800204980267741993303980851146149
32923336114501991484220374071079567409311362198739409043056233555589998814331
11570384349036573946721222105800160821547785425240273519740880131634441697797
34234725522263499246320980338189398401469943077745648590692368683318812697170
27099885270660059640486406369083189511868242110006736656778332066840249851746
30988858917939604979564082218159651340338757189513625065490035804373536399012
33051014235963493135966803326508151489441938572470645184362143188012457267081
13293891326888731095306052245976643445891588650364446494319666263007574010012
8687896114884879328737616187494033856658163765962847067513040442876301952877
41506628610266156658980607147134850039136029678772034777496312007931069093841
26479130056878989666889145108759258816898397490445078235755713751120405651816
13972934081383709955958596902254094237952077844563178758739077458819953642569
25800761162736578588104611517271679395961603594857861139075745664906639498268
26758262196898153083430825855218970196389126391427755398375632426803331785658
1136156694472285652839576808564987680879861522209727720191291511174664200711
43473793070400977593279990598478499783797639527842300582778633191696966514234
20290504635078780551934246143067324084286019236021675656965466008663933356167
47344332563813433403932252484240509587910421202888689838860629123032524253736
8968012045979324882145679260234213146138339857492782596134977533429897193580
9095574434865568326203905852736788870071112967824888814633881517755495227519
6698133993569034549797740739891630236216809062532255816962884690986221768931
49543905034538792169666096241147956182539287187815326409620822680072121022678
9217361089087864184957095031207814590496276034024695419737167510355504028457
43034553678077940387984358462955547124395270507105132486411263893858406867486
18665947006848049983822485777712085833774143994619870081757904488631911493785
34683639592253253278097717911324135953920133726936295707521577168332013486555
29166069701097297529465350844612118807757821338351890319448205098642862880450
26530105953557720864485751801512227501974279189310736717044022157198913434525
40548627688486583857240921482958891190019254674472252426013570562961192213876
42089608944185039039925824360283062409491442690625847943208197498504566629758
49006806251960548979283723633775179944315392411445313022137785119044317717086
15860073855127737675713244015736491905385646020386355487335113856916677889129
50233546771637518179561240118815108541406475640390956616286983657418219563982
500902677049029876624685916508486968317827293891201052459768247677691545833
43796793689873238073186959277597762928999413892551664868658252717805699608639
21837742104322144338422776623084625306652353646609696679500115787492676824624
34281782760667510517834650914970021427769473698697469256981755661205794911381
922941646754970673286529865605440919605546287380166807476173149679473377233
10838953019412825094884304120062884998127320806747624228005908803762175802316
25871711598342197151819784337169787799357696238630490993042535672854939553
36773779846559040630408186895500732318006043942239856079616104176809402164607
31253477668606219182098996315623013012942583809044580322135384693339918032202
19430237849108962309093827515036874022326060474789269298017795381730852317488
3380194546234810542422267844803406888018952288086603778681600721519914898171
49440034475204906192676619581067357226749700578160934490370449595443014536016
34757463326103456996202479800284245571573802048534488218459344978357511290514
23653638394158050019153793159607434032887045157038704631852537202189706502084
15670779107696494999965776155282161486770057202402804838199630190427551550335
47363112176724823159751770900940750142402551948253763792544646956321062095823
24685993118188851698500204532622528567016283467908810555075167004510721643541
50415514751854893195529301764946185241137557262390415784769058092432745771782
42128985469628324747527220431106093822259375584893295018046136540897356082123
48383084958616867287533143135585256439770627856712520012381063765544844405929
47709376431852445022531324671914720279961954620864778555102668800862426751633
48816118797596904741949497886794372344264872771594505877055254974403526899162
13363361999598055961197778092030595078765382504218730368380379488084708538717
9200314936468247090525491826824802969635622660311291471038001809532763025351
4241303228375300518352152004983242966578015320527568832491326073818123458377
23748762328527673282338308883415908505591398917718407729250634941595155138797
40183036541209261776099311386835344729532242143456151625501794303320637718044
9718713077532652933494386948198890216178259570826598284844988072202517301622
33250679316951343204938985634561107338957593870654599080451861255593031020941
22975257055725491317008037307697944444733060688450426633919614002182595863889
12222029070251362485603601989744263815575611309344286221610419228711607442760
38407927467811862167539611740156281139366341517406379610214032152400993263742
35249062406906603956015375231834969379360212180227389525764978851476984900571
7122509208291119889423800581896676447028579570167793802820507405468607137986
24580346812564747891861923511957988503669281042292528736160292811026939372715
16771806912947848169664046423789536797072437242598987950149580309815402108373
28850483664305691918259901626438591365562783894544345884474241305902551941231
27076514211799794685515693416317835639196258541185706642092883396074892496953
5828084380328699471202487445577491032398549058113735664561595868910615407378
20369426113861551443172008037716498776776489950958395916663573882069829025892
47046944633442415346181317023940588431737921840774436783161034062403986729521
44276299996551080091420717861787443246076941077450907533190941211581236700041
50916062683027154021551056784947512164809053506271944656597660344370054795268
4923548791789878158536391045427849760512475045299494363659152915289759186412
15584252132425850295766620476922032184636865574390537136623589065831186395649
41618171516246795784416192395513681415251084623855117220372100573643409930646
7230728314548933024536978002930647510604801275236969343991954368832606155240
12278250975586911333193757278026264222231040517295730492591754808176867705943
31507481258356069718886798408906039100447427383163531147312753591299780147118
49165376037246740048515644526634942048861131365868397095038016817543836015636
30942700058742078683502734726415852099616780280181895092090342950820500534689
31730418074075742786499920844291290420951491653726995393721991104045104714888
21367410734127688882874220019912141485224534157025474376126094000586857977829
2348682368327797214265536588345289741727922252776106945692779938795248989658
15504597620971308146796498432647014932642065897178390539105904230342638578864
49869153253718150893509383178023312037073462825498483339651598414036897183619
46070436256501189238792407967253942861961385119146434934231294108251839675241
48067637401428138370789163693506427487420884556525103467738294488909666768662
43209812683602360740973606177742806179003266557664233935330070394031050256443
51095734391068897695591872466550191921111252989829267675529614148939897879666
35313756079476561729794916001361554117900385501251298917609785910552037704434
40670770709592762560352275358646227851804301045473067358941513419644630591189
30703366068862731990361813064058691798844822052322814460796462091111966778168
32241916933094766080874480318015679528040364889021788317352937391536004401483
23763764950845973148014647430373726287458776299400705783087799972182031971219
50097472126003212958084566132857896148209874353416253722063618821984379916972
5425293827636868869596842758287309900926642649288976478236134926482504365952
20031629495205208884993542098536747021366991582065641124239844617785403983095
39331807761777063025177097998137015614137493183291663434835428163715613596447
18935446373352827381507406007184016567926727470983419094471076641307634965952
48803867300764189165252636766466606386415893952125140523440341931800641071777
19716947803536365232682232767023652818292476051246624630512045021287784319569
24968259323438740000582753819231536735621719335613220229796928822088065076811
24200093555609997203399048560009811835604552353120166627947286659769555956323
44790265637728429110937154299718303882637727789121570072785671014268863554501
34344516666408223962851256881316486342721814192105931972841892526581468779485
50374741149137907791828713468227449624779991436934235255870782650463312704795
16268496124463861902941201329794629533466679576047800171037532832460147080569
7500020494696688816059619315938724486921388726125249496587977073395138155429
48214328817197950528549918912665130579773693307785349984200482840377756347982
29216144953002704301527685854011581442694531515727669984644901289458369194243
36440957459360802247285103530282763873822365019551021373329685035940308398175
33277811372192447581447716119388308054343425621160236828938208406634631974323
16136707830183179062781453182485233226401820297798450265550823100747724138195
46081382510175305402359343504977939137063636531363076259531845532134410986207
41057377707487681131743865506252970137751643443823073601937593079610530223336
34662094279164163042424643300166941621881260653994145220735555086533128986022
36958871366801935501497519344878763552560036192571344651532860596178601406782
19502387876804615389546604748460758814501069996837444391992280777133782753171
13157078981012629036179405667744246490721014267864015399689259513644670393949
39866076831217717378382502743654507036985154501734416557185090882270304641628
17648539027013747234394882594975753148476806173822798618633402837032750144940
51099884382940876196683825909324540794969713871447503357365110591340723109146
33585466084786490928832344680099008105386441825047911721021688140061131735227
49716069397713609040080382066180822554500372092506397125771335813365146466622
37108099071919414251523108199299239457495313915741979228635646374816362290282
3920123769979069723992085078746232152440046729270874603137116051328074065847
41129359411402238324884933218104930673944003027355273000030409531267115757521
29494073335129089789480141148092582619571634527338644235064593520470292318915
34793472127813901844522219402522285417982312892794031836233391021491777315428
14721282321504315349914931894895844094295600734756555660750291231787492572310
7536633208203083871895432922292479046015731156911194952511088909434867487747
30475060984479842086427665047351256053678465967867304148827296744013924996060
10843723422558644403918968301513035214632960083379663576516496052746375322833
52379976849874388701192840462248249661145757025009893854267809775615305605737
18236399340981790588388285094645808374952383277745623876256178790122592514986
25617988405944189907519721632232742603998614583125002691113574481905724233157
13830585448036613470041285805767785399404049106192075075732363357692403739039
35921485404850582053504513726198763917755646996345731708851495415426670469781
33281194181824625733428942381241859081450153174828694937476553872877598576604
33943608224956716021650285308551670190901056148929769679248907014877918233714
6982581142927763954190879813594308503811327074417375756707031337327812833554
14402172165168501108490490587973043846528469577662482602047917852703829324154
35809014608135807733938069120213577855253072186605817832075974589847660729267
2155597901518807271019366970114568319080391092890215296840123780783202506276
34138576178637395074571737624221543004339494535890793910750784255757646758218
15882749585918515205288666904944010652675550628005538783048018360239253589007
25373755921657351760151405857370143991882266568767958766145102900957352572077
19487821724727263852263392876241741662121594517313380837287981989569415692160
32274671154147966047873315332287495948508354320175049058563333034794274568413
960592639514487312076055865595871936735267129722107515546803399719681699138
20123345059060349665543295342646211155306038861321279316916713654455846220281
26251471710746378797746882569580506485173998096208420344502617990409951203959
18374792613674475691777221399926089399574732363433720753424508607322012846180
51907935608319162314317429356679911276604182873176058588587121116249118304167
19321796596369544909645451468816446574117736674066834818612723716467011936697
18326785296495128737999251884044432856811198061133769775214424746396204950766
19982341781202789880288029316704666730559309498751179474768310553605915227578
37627931386486326361204114941254426958675381083745272043769091266652606925625
2052327545993738514520110355094510031107117291872244593130512055794907763607
38472218593190387435282688342958985194919396346385641968235378876430445414143
3649557991006397383436209794538438693787550666331272025785303460217004086024
8119041809964110702833995927448365645182967065652040618499524664751006367960
30712799760015796245567070965173827163518613091529022703215864591866339221481
22210328198814834906425813730253925520952121843075073880235491139834636749823
36009594462620035209792342827905334217202725685436645909998088357015139690344
12693224974942934637626395602213662681901983821253777918628524011770152609495
793984217174048864665965094254191972947562278254552813327055836369595057696
34492656246463269157778191297354116976187805032517828460658066981232932364499
29632058337496110996335274294715595340675298362069513637346894114345871336294
19100839093451950482976148247545317207527015389771578076441204113889117383743
7285163921896206581400141107000303007565021563499877894731287192932630723147
46803747838804901070268311426703473998482536402902492562509613877840475085569
30422727141161348856990949063457422648664356302540300684563520948162985402290
29799235478837518518667646222425535697801424214587426599257773130831744116622
51193864471265121472168092028606047996841668184822936493456971721000868387375
12651756422671088540618812182968205247669811299914100409029609827815308789283
10457722774003313165178985056356998320716435286831669088481548310671182944987
449297720387955846687025176066928535871137857058032795456090869590613533491
2502288692393686582183745532318162154599842012588883975608138034767038123592
25805997007569864258070439413495271671748471512843383851777819309535135543963
40939745165118280243770737324165618687415069131497073027499045811864316580172
18033007501279728614347171760076873797130620307013946348296823138702067050809
10391009054418830938177338528349298238564031292119743404583591197014877876635
8240291324152335767468404035705076991159332384806163419160846949766493047553
17130006020795976059990711485355499737760342387369012884338025798830494520179
1499027992682216173533648501098591817649338817505749112425682738019016058121
41765561602594199303822846764397469135460422360296080285897498904800704966378
41191729102759601672117944441220078133601875393047010699532496799788758133428
39197692454043286392247218213483825095924520878953425672101455738339615524889
34133142216767484823736391338186741155051471745985743077563290089715236450121
2505169268500690640091975222452408090037012148508345705125715358710981929588
620708663248685514762554373397516537804581579069598790467581079414982049982
33524410770622469293948728623533130150789066938112900833507330034491288469751
36042756298933164191575321038528084772841372369691262763267926799244479845059
6633180867290926962180909093642877497141576774812173981212083642172286771788
30846255365974163075629194720121797241293889804260213925197936417887628111383
10204529464846750545002521677892547708213235343348073606029597449993071131128
44788138730864768005431772308370728185319350072118543731376733284152117601247
27939879758549225603449019614764877683658261558970246498542102420805794065381
9743764398766134496986520511099560921645396172263094166049827383877576712847
26086488031422652051743156970255862231475484448220736335725508208919664211470
11805824102479382389992609915791043723401824789882094027425327277188224942899
39308473018704577562243270366210312963978851358947229754017622517811788956449
31173951450718017433699799453211817156983153323926121661635974318953404956922
11294254358659928525015416085312963857549158426188200892904438323721980616907
2007166681266952138553231577293289975925644032683901261730368918514259407728
26952082293668419108713230216080882200846375489413250711454930991084934965850
46611841891825143893125822275978849621848083301703297614036289903711370355590
13343942312441037379607896508058986172439421975844284280382193875779415426857
13158657070461647294740192119654302700601389497269910496327266631908462258524
30269570504029263229549146223013155166589657049549643990510992495241558415317
30832384171817468042314830592316404108983386070403575573960029439403296149348
1550994082122759894042272845627281462746701737760510417358246106181187085510
30909999459461309585083460071212106901250076811166012986099342036011096785563
19973799428181572537090334276091473136877089056193685440429451509644327628725
13212732155584903845243466056961379572046066211350054821436497283410602077191
23968337282716713036398201366840003782069564616996434907926100680986908114857
25234135922787306398863980701664449557963364992699834560750891541599433409131
5279295871724305308258023800379990281329165049891358136931239921061766509283
50296808795624535227053627424033160554455473938703749955978543115160604162942
14297429869398748506433064494263233767316165516207776563124986640831117551046
17327944916581199917927219185835695996237762507149278493062751037534477546092
6151700515664164478082641481129967366090553470315422136877042149786112055440
22355050120530914606897670705648180099466734774370085573483825425381298860776
33407674729404376349379374915827863513562787857896983532779282887880036922031
2520130354787189054498542993140937668700033211706483141447884406684173872776
17290774828926016795484207272759639077668235443061320605000063588362025345648
9282001478838080484878413720748766858175549850380069594118567894416536555855
51835820943053368023112219039518352590719554386515430336222346176842044354386
1300721431336739060038888511865589062272713909594347224598354782514127625074
39845671255820275175852610160880116958473296162417358793412015090132301685349
38047645408590100608893724293080989450967868083358099967730680405217704647255
12084391585758863774891089397152572669212397177923372378500482328976777019221
172295729698835598806768212986045651658517280234851261351614452984930757086
13751273187847725091336172240771820082154185846431869696433922512094465183107
21963272755305430993697200118831624925165102077785674903235507712510127016692
19389740606296778838436424981522700331724377799543870676941072061280442428930
2658538207795506193856393526335487479325510782307424887773460314786330008252
51006361513257104542203206420751767671378799041159172180028880912761167315257
33443842456607431771840451222048282694731227255952686894288256525100736662100
50556879701002499250037623566646766189889962751007658487324050786338321177092
52204637038943718790803724058188239874228944770041905690132352055967639170637
7780992208143257489697952180438856610109517292837658195525893087209055370252
39139712645868968258186746968470343815521511178014971916844630935812971461898
20276098211791754868566466534508596045023832299392099369729665568688581673042
44184636025125904924547495649367361376856691361851533974197298904407266020686
2138889576975724228627939551753589750667855265968807209563278814334144036331
31748889524199075697202668808053184017022416855137320632368230911789132605785
7914861685816755843239033929461599494507534538580048823940076861046593022989
12193026435119160321447381960828608703105828270778601076367955544206635547370
46871183691212079536503053901966535932405239731373669464511896506730808945358
6529189251267630107409851021570411149046704565440265558785442184669875427037
26442290755892814621438997375447928770547791146272530687271121929153434387761
49710344254003321627517133906591722080948740043085118257136609956199271673258
15939240427593863777050132448397466791775712981582380144241972857990073568182
51766681852631930668273710170988201904635457305608454586497069382995371280427
25806504354094405006694214108754622352096164608369235256808254782118346291878
45399367446266682014195871686398826891397135286960878249449662104414410012089
30290500145396086483816043365884255396868830385981274860566359524050560157941
22255306839435262905550631498439519017757284931793387292843203107724405047442
27999915467195266503972677058436465904037509273845177743650790414084866872640
28817790982400448344405497295827535953668289974878372415378223107895095486277
1795014798226536908942557008401480497576891484711558479491183943351088181425
8992572110107652038722114466007285367841055164994304184255262101074554856776
16867799163562633529806593500813722112931201005909763407243562187273289543284
5765216232330385530932521793751514755511822598884292175071888688304788404910
24815306639164233541605877348075885565707886529198378005863679732627667838030
2075757277870611303220460118030216236098314802744055279964136118999167031008
7103914569870281677149039396616428594047110024261316813011861861820424409578
40019653034504740230311866085910217600365878613235695056497441194540163645957
26796817243624019523613365742058669552536367521296717784304821280446651516673
49034185817638056823712868433097503527970402004874440860219736002677338651164
46626183640432416795879561339810784397311655415043345201569748792561298606942
37838693027975177950292387159213135333993712527569137155364993036146875067116
18613030666146628745587213526908557564258574311474712271961422146424838111385
31521723209216493343639998053135041527406928566424169974224962663541060784897
3613527229781958355899204768242219644048785108910169967184887688695536492176
22332453960433930631500738566859970032282197738487825807407100514669982145538
15120895428837780249317818338799331366769969822589830634097797141388454044344
49473606037187166416954541689503734205619505259466970706342876596944222951633
48911417587347298848217494598482807446142456744908789024562912401234994709911
1475357779170472447932744581992401157993639822956451911468581664890545710881
38191388086037031986008818788869871971019547615005638288312130069923462679217
7974492611500766815222665288011843898451284097982671247170042517218631102705
1490584847529320565920375091593001051055750441090688906460709453699951312793
2883371634508876060312446885538055005922004037994196292109759202570740613282
18419534134337880298681692769221325729733445772620952684579185684286008336412
4828381221316217853909133127627344109520572260209672720689869494430844581738
33619892507044839430228288674060898377877037482637438216534670050695314888993
24768013227239797689065029008252980153516585482553346664662813368617448609599
29027617972040574843939511246221036889330326445265041598962009246596064637053
49469644780684672674234267533979052736632143854907827589086769390440819883856
18395687605438909290230976606753174892820623867158242763172837996312356643734
47318271850819887754772580691937622590350011752387606614391692241500766937574
43349880830760993599556722677604900055674396395550111526394799426539079060201
44518423994849604564887411930694707290332813575870458307165456361630283869389
48404118800112383842008891872698326831533236271575572366940715865475224300934
10904466597432197047715610007831419500007293579090238411716101271341501903045
10183176540908938477706883943461742864967227927292448419631863752276319477776
9695942916742786870830195244981286640010964829343748749040768491956942893537
20102066263478522559624924173102513377834084325509649306648041762664554970455
12431683491230075647676506816932883455132171989907005179894422617792263873853
22244345734657663795372838474852572613494036580707595890005860297889722843874
47800180875597581302837345643689827127448914177638934586975067214416573296784
45474996010341130822904248736527214882117495907104005285126888195285367869238
34610061457061509256146999999376025275383800103651645211046454613772422316989
32053771514728737190844260334595744010087743287928068270311733254244785370698
15545111077994843717701253314019213782408426668661105662590833388076156664028
9194015700953616921342015276396799245204858354744499294853313560804867402651
9269972996270086830035464643359697809702174786136742895436861226241582449283
1435792353241796809841259646865389168632737926423641581689877708811517497889
46464485234281122182560098445950301060116124896356635129141440486890864927175
32574624181266660846552057779745752215825478643694984137140775319181345134556
4226525127459594922457701558708923601870718727879629768257050284623843349449
236303863995507552047835917567895912533749014824555425514873976532170569699
34725065625821781515243756119135041123793766531790944252583011430479553690154
23040623643669030518209475027516642858916027347183975167521266887572591089835
11738488462234124945317404091836573249354584677157627655632006887229330756317
10524867569258420130725724836227418948245026263798520751373561354617701086108
40713066205054018657157330036375437579213578783786483446979690203701534320482
49041196348815286357986613643203398642104411638151313882865300042248293572778
42892161757308501598715304704059688427952673628797009486908087413409426704066
46238988620633498197835468108762726608491079593162670029570622685229888319373
19503156956878565794628047793118220300102073712861449256033294793762182681366
45058675684382891722059726421581197224148639688520191638393632390773901776184
47850890726955833821764645655184704044495099582378002577802261732059861122155
32586353161027678414593484174212177001452174758026697997192591458878579038336
22901389399099013712288173236983575528049649986419256699868420298901576480641
37392806087647177571769898040146851589898235566701180001395294061132842567912
51305808754078106110627111966318693540580872943312198199396026138350559878651
19183555752950383185766053353835759645001090907081387678179568201366158961486
41012244454878401645018358983859050186286107174528959652103447579305474590437
41298134518523948005203419302118385983694223371725029798465070333475823406029
3799726269741778003695433494995900775368733727565965318911241456000181692119
38924879198312074149202383235893695239850847045428117690941085594089653160424
52192721996313634540357792454657419469862667729886630914534521009661603054821
10711529033111058267418888889968201369173570620246524568973858256072959428043
13075162918915874189264513923178027964273560976912684677490125492587949291280
46901598972602048364286518474258580970008318199445284202078806315761152774536
33346674120510328702541723376928672357206415560305939181102677284040720156759
47542547082630731487615325956197562068452231426910955136087255802829242728988
36314857172951050216454919846064822248168240482576326296369998385906133601979
36455543581949607391975090348004763412105335101967751580928155237037883084582
33407875887519291651953097803645095673761908190752729148410111714831008783180
2412617227558590607221287132232197273942226737074530973238048218597349489557
34437959474169717005257871118081244132316249792834887442326036097538995261815
44972033460114692903535117294060418792595641243151017359945232862273813077474
39276196822862561277097141227360642988464514503064335394588620893986414514473
14393618462830554177753126595595819930289778888309912324811255639045248246540
42364882058684051929641088875952450835422082362927674463292950629738232400255
3744884835072685376056524016115735773516253736138038448427247174735148863321
47351029273729374673071801052197440953965301036816106084929633901909861830946
6131263842945574002945230179697021785637004394194924253974999563877048620952
50757803535025869244604257063497108732716553081313780996842108333077479786843
35919638442485442580076677875146555741289440736435330537861136439149153560725
11839401371521909420862675743958695708907602167917829079406401652108073224254
50495263318437883879552858687747332294693671026053287627028247684128092105926
40023186292762533007798262202938187122529488347376431755019604414033325223129
25681335652379637143487232985033531244556493323731932595205490195554916270148
3373239951112428994257627064522370976263566805301139338725422267640171138719
21003280260983786581856931296947699580663150180138060072585347681017427960725
16659253359730380831623012951871526001147118048121106498224350408487962129926
21841640035915119187760658443281043912795648742073526484020482271210118054534
47172736114324552672739811701024515955506206275749080211358281363851688023676
2372731302909744636679409875777366313693434414775789168446844399168471432714
31503754511987815752748877364603059357087195479908113738968271241669561350996
8917035805003168408237290953373256777883841922019634035896372710838486760992
28172539006991888805999499263926949992558517424179291531963809308180167870613
13912735201392497622863436817800224238120017054147447804067497773740977157402
38471757017382989156061908056828782446740917642112623715308957023951840179213
14121496209902677374816032922562250331051196706469582783676046532015362678128
18102098498200032122431158353658084613637828401307627033548045970193482681360
33913482801030317750857366384580760487403519627245951503309965641671679278382
43950627669044409253635858388835202749124044868026310869241067330016687022508
45078497424467882957328953901698109883411966697433582792255752461181199561490
4371540619623169989149743986299511631090347164142264471217405944835450158817
9088955821939768404845105884095988311659024744797786852255004907719537406202
40919593022265380066257193281506273166408330606190790808405770462633476235170
24545944080144830817678213955226684307002647467915089412315311498533473222765
16211595863626578277245715523661281785866418685491660773101284951856110522015
40029715189748839319003137849833906841920413909704751953553979439312053055090
12329420693751234593076917450670892711519921071628131471823391147126854715306
42801793986967993426464966111058127884354398270121127649856485631800817848392
26288594323322919041604226755913290209556030745267018388706668271846919010329
36565390779102369421098588101732116929315844696797796304010683010755472727181
21620118935061457117397108823238312477413339403960837475915326848460133483735
29071395046087368286399912621198209974783896257186316332815788621736465788913
16127772052587855601756802263459364000761390672736074419278281051722314944156
16125340851177596104120686478258788786574071088700223087850460529652077184286
21500127867306018337381374768013678686168767419874721150065594526055024262538
37453266542972966171341195898762019374928519774386814002313256483183151994614
22329086676237947111761353850371286145615985147736492895215411349982191280651
4909193262683735732087359023171872218213472392209973430973949584836767921179
17819295336290985413125909855593615844955944550600830901825354748090658827169
17039057359417340164911697475318930999712005297298156003682806385121192751850
7206365429810265512691213367387631880533379222586121861420640120021697253352
25403159573989240873171138308037856876354597904987837704693201963668109455430
6289530595517604484536622132173343983805474967080608938618435825027929487875
25249832271427796159596225439393295344668938525313569241745622176171754697553
50538739361606209914439215843745329363049439171276239505183563173806400843549
44345389725792107632912841370897371658422789833027087382040853417264040480709
38562462363102536906752355169737243040804524748631695379492885614676176965158
7134938747506659762061719915017830387518794071161771296073393164241071860460
46543573112122819495826766886979272312787520456918084097370822635113339602581
47600752325942381020537729485789412866313985651228750580199962239373984483778
41259981343346367319647395459808334873588495784677952517605442384180412599580
38649965974569969384053765150561911770561128225290149008848959317770224489542
38435134714975106677866979176700995123755275996534754584236952571982654572494
2773051665567785976606308643277388723762658214166557202250931315429321964792
48002759581400797799450509887863311652129395825789930232899126493192522533939
8542607696023780794925715184870058451408901788605558429241726079131616078706
33411564555599423842560930123537837356357220263501622999117441324672906387149
12300603912801847463499260759390884969981190123758187973136378634193603563676
16084909611040848277982897724839690641309129791764781284634915835549618015889
23920583268995998685336378599105774638185484661644604035008506432395508620920
6477859153072593386892005064452265677983370659325070848585186964100970485506
41286193972882074607343522121092520583058291220598329697976502089680863290144
39028139075522038273632259574463907316225671060614151812289907536314007030465
25793538152038904687386124485936130167337711843011705649081380213166164474777
35339101839026763837356020688732338484097403607405645723201412132464266046341
4589304364771400581988704692033379552298852261526912003518214925905858136006
18769451339612151847077718782828094446222175240286877940224847226809912250537
20699095127942436224649546404439273967719977851487229219577909044832527163640
27850209389773080778804070246344231894340465440265720873333970711257152441661
11017094743358891927403724572270955435163262153740868095761212984781479547032
14680741643917971195932267135430243536149894185721828579001718224462308877636
44120338003887255299987610531228906048152074678670720560658786818874140042149
37852441697457074993000214014944814011295698534699908210484822884314169601563
19397025915976541485932609966754403082274738278583562019203168532825656007778
16114576291473090823248843811701236358449756949160110057873450561028946989428
29247081262831819888861297847684911764455578091373052896541051695352523380220
28580120635297657598847219073147040422731067096719136540931200732481372420935
28951030367812558977480505687407279655856133537131146313977264326466610945588
34038436163733699271492059788552325881171776797290976863429778752134007516844
8920898668085402935389710403756978157567123939704825212274397035764641888097
22036265770660414282503726957107751015759874053811848173974298597386476783635
3874727951064958618813341505679511367580858160235629153411309972576833405594
46970033633558867602159918548602141286565373104822469020429583864056824352480
31028493081880471257572260461027787452599205121028282878474278606072047711097
43657037017871501106739020652207713229273381145835350548395881085840863758192
6961058987120506800544642428598082766810994956523224260078336593139314262830
20470130493425362279250426666093192889824696564954258967977488509624844903687
47383103723040884137753237895348726735208070086040086563528855896390609507914
9482429140896967160350600748802521392821506908742730737677342713666766751061
25938792696978675876641936918004868286599977603825047015151306183157350075500
49199520323075783544651662513179949973945031043293702680352367552095239929312
17670223670652607002627888744866954209045101661977133406638908131970801696496
24989967846057786786683911082407210257784706032150752317390249898296693887069
13814146692279434728454617569897547558977937378034282044958139883866774382633
6082523403761608067560958906173981347636515420154162328449422760863351001211
23922443226206435185569294246443764628858045629239684255310163354695264018443
21001963290945380975334804506486301466490332187509253345383720403257588118655
46342200119111878647889849074898150856597860473173058743500955244366888335224
25699393811872859904445761336059083134804297147171753495487369966567872209138
20007084633104856448560098644595458556960774637665935492258314852992445645060
25260068618789372068230122631011572384723056344534186043208427374609621088695
8881479540379094735162920502296955849775037666463252590205641129399236305339
19373765453608197591335240317311737892666155287159131816234866419663168192065
4697483305966065000477366544592953070987231615352469571713429431921794113366
48048415437113178621667347146238535152745426776351797623921374214923726052533
49676748040944368205470883878080606629299613073762175047529020211873202757436
11513291398545055809285912473856530760507878007349192195349422862190140958079
26400377543122040894245516863197775595358495620012591617416052969916765566517
13314171115423300143451260230369217801084654702196592831441901018841165468342
10757667956091886745105349281068307889786466312404889574755508697255386241317
8896491565527576287449677462489606745193330960257326681221903262638682366207
47877549363472705228305259287614021287347234694273073984716104400933070057466
6932283549382576496808900301730156174716812313394871243625515860626487392368
1167345768426967662296678931664746565400662390682164265363414920040951559306
18779573067838171144361848224102364387594341830605882937995373050715311010012
4538993670181058337176594586507204098571665696300932114418550126324330694252
6560260909661714283622851690272128878427442464158854826239468618851005794445
19714599078281005751314012295458791808275096188913935136435925239898590250123
47063329344916425223556367231251492816360773953139725426861009772270355425029
23257676052792690040250568415276608470318180893230107477209490878843552416430
15179616682744370905331640267975404886073376631908361660070261691346176563885
16531685903420784992248035327260087364856057791802280495938774921784722253601
16732306124350326562769102119732541154263136774052081776275574434273487628239
30094321387919431672709852103636312421661159383125587976986273325867768862008
40691139048184321185797748196124178892156020291050276236453774921463975338197
32060625748159994210582643179410275832034688774359961629688804351392282228898
27921914546567323475998503892506711359088432038641431255822914437902662409766
3063727878244924746287434465655851576476331665045545467182410314503366761568
30596943242348662169395976228471558703538673699744174186080702530579843522378
4780322482700834612643929040520013752756020321104535540467246818841081767716
6668963005222690240013077320848840352851283004312503614494525997670368065053
24809802236642960171841302543372495232106605407042004992700493715158085332083
41295694205121749132197054821827506229295062802700811045975498824115906548387
27679089282803035741525851560281908254649240338376001129070954632543213161622
43008807353369147080549232781565969395042000727334039012033262023741689976536
32509336912005005829666243990754106208815548243482324172910957199387155284665
13328430753209132033045388825660855620178767512799456958624168809041602853159
26554713752542125010242275338414904173264097630948554124449415313088447897045
2352415256360609968454642716717210562759140899649417669497569187663200001650
27959042360758716953824133418329663135260025043481506370110304313138114603442
51669917943010105846256681279809411730922983348867046311934744530193176148140
11450964499211290530319982778782336864495616171105300571817931660188444296998
11521103960833561919380690695660094753702952030612659597757434750463848941820
31306031754160946860466982298564713497728948792134323319852331686829618044663
49703538758752543822207471062304454488201867939261362320164640713596476298684
16053695855797662595829102650716046593492124274121374227779552699853280853492
17387409578558163629290461371373144765676784917196502060094007838060920015557
14637474894068291572842485168178998653071355325116985526012569074437204176394
3008709119618734496747111836485907428220104142049309249447850615752766492709
23558107655601688601613669595340068410963951164243487603917085308103446497318
52226141827195131721837955107875075142097427610769451377334294482131506368740
29372506682055707633996855215007332475317986577375556651056106024602375394741
29831974912426194955705513574294229012181372413508151348040885125031806942890
43742700706431148088753111019379558810672526941468245480843634487954503288965
49931022120748256759821938248737584026238950315099955354306351624492742906828
11145465172351931407557282318767506895362400241501029109802054511720632470884
30405832065110830155338091343237501698998494685259348633052773058757372021428
19068076962934708066515069092852286921771090538389993849444374789433278928465
7801378142783421906253343514834219137103846309567046855188974365564665641953
36687221268831647917437996135250743596317949811695260693212782117914991575599
12885738753607591323761426397553289349135526247396736706072809032860495095016
13779551659131461919526080873349304246212319283207912891833391571085807959759
38678375647949511161431704850309929102879755102508419652060941113282769173296
48213930793664028889843005331840947534720222877541796598115338238755182578657
9492169320802975042878987398098437686900811427003832898047396794992952750884
50198206122994315810064542147846634118431228413788017134994709991703293332161
27963805981657759444408561351156217071056287640167799451428206429867082662405
982271495845322771540186344839751912598036837445522744017732352706942642548
17121289738768235496856467665391250833704801525919704879886833474227288334676
27916530580469249164287001569963290241321395138091101414015485466302246897231
8690695721473403148080608533203588683965926087097854498629075495078931440563
32885670145320850193744616848275045728920880317616786442318455538992238218554
49810581579149914374191849675502630770044436476058348080318026581026488834760
31579873605707493541689462277589957452430631274694690151245389422135767248612
10405013897584159388663984622421064806257802934018078523803397087701784905755
4702031209918276149788070459241438719255641709063793769491761752880245372095
33022199449807906086580192659071416751178863327648522752356104990810685657684
27082686066148088282920485515356004437380381541317089797490353172238972114306
24995605718437903889433756517539716671653648497982745927292607682291762652705
41367087375858765920323862171435523744908477278513025408169609905236290633404
41435285867959388871139097697112109030507011768692318332867326712179611287427
41038610789675625427110845002553233977242912996803230921110879216696417986383
39975966397622745901465154564487419950364116886595219337608317999984087390816
26789749051422986111992439986170204918221775395164647210143545238457119775372
