31564898467487387671065028192711633495899389653312052632261434248783689029066
27385267280181247499059726523764963367645489317522822126462478628647983303356
10166663619005705889481781606787820596097939231725441629319636669613635323217
14114537801643493801636959151662017453932335574008160446923569547477495996240
39654954541378285559368367764694573704674736311834924472601555880054721127900
23847737656319843046477444203157216709154271135909570637334283657030184239645
25336038654632600300675285871931109467389204392115535531568164261334635980771
1527702941021401203727900733620201236017784664176961978172739216362162617808
49438457715762118780208793796625231541400811876423459758780421720010795723185
47077085176407622357532035883636122646287015383191654005446337718596424212496
40576828579119343622106112688854496010013793865065913147096532620715517225755
23634585312881705034185191850114598429918096704336404609149416138496062595337
28754376484566444825647689886577952220499121359673516016775871774913876328055
31562936473419134956844913889835609833130727725398083549591770866114276075126
41513826304485660441732418702793449021074021880002177970379476733243316245355
1058869983470930820427674302592236489792577033555079051681707359929199096692
48294003944147319100408189969557763270922398561176794520601199682651747174931
27816386345003716120428679845754705006676695493973568896168133291141333736848
16625575280336944293471444775245099703224628741053971334550257489440959541712
1834055453706433109617492980980839597038667537604293272987650002490911555930
31997998239272017723223726658959853412225248022646897395827914425282332269356
45250136037694271255454965426815377143973583050368194576320647151668149434761
5545594691507737855324104989218295335782804576331500546864312750498697932567
42680933722331535206737552909086718624139432619339267213443824725594469237986
45051762870786994353446778464666734610385144675030464097855677415940938687271
21147341525392264164245573885177943720375734324952089589498592615712617775804
35710734592009273192539023010949578196788404521986813840127814236128192548677
28276464653816336362976231923206811585370398830596317312911195711759097735674
30382154678377527607328461518822320772336082089565772000892706050074884788908
43577011500910218269294268534547281554583060860940049628477093788046143168005
48918633438798593867592909200617582566212187025823308213773455293633147845469
3598011517335929864212543025955470951337760701965763640436548278708596449474
22548817161735298393572099263479815405747264620274938230468136124851307024249
4916632867961175632223260096639566829533306816277763715997531887438506986549
50854824578475811600682320214393573927871631107001016990843836226801072478812
46646556628915246364183527974323007430601711569289490340320707904226592522570
12237211260449219474218023473857209451855160948737244106428282410289593845570
34490387287695758200857033390395566800951457207493982915127413937890532487523
44810005000174324068649075514485003315734039740127344512088255273163088576893
38422306684486839394092812050776583473924077852344257335168496385864477965242
22537231684465235115545941379382524524117593160352936463694019733840747797581
5832530511866152249131112064611777358202117998845755527509448613459820430209
49352669395052678183452291290820002950158687778459997916194931238654152026525
38972692119031938224116787939154357816408091349162266324576421873366209618430
27563968936385960608452392038682634969681072059535993733809718366945485156080
23370694269980852659587153925816394282565228259403854719682392761385061071740
15888837624992461540727448170628151542857819725868299185950642796869597731601
11941949255936522751973825394119293997402697293514456019519003007549848194628
49892054638419578032244611948327203270548138725672006008880443427846873168443
2039506001002861027663183052309604382513529732287994214809820570660701883157
39987324883645418423525053832591618594871505544567087212072455275297111716514
5341924050814423426476670228364190801120024681661156013569116109276215374266
14271492442475447230477113660666417799320508002322369097371803429612172112017
48383965555562403011651491174370901590218833285180605302935432716643369574998
29973906250987908048753611048388492622971283433737893466104208840464159340997
35843441813789449805270494400713113507032220609295387531704163596631087540742
20237874291962863118921121355084368742056461616450947197037630903656915785852
45866521556061728294455036509375866576001435764057384786395823796651843481665
36115243937622762341335304890310657372820472772719513346661776528224549061037
10209051477052783689086960633527820295839536599883653507517083870526293589154
7443539875276531843263413896978514156167472896208949375789404580765201582614
15594045246696140810115832264961171045797154433627233774895086241498691828360
19481227063972461514585057474201411268860616955311125047346021335055613241128
17150338154433919950812389918811097575864849039308195711577110232429528997312
20924527655427440536925466680749531392562997412728774677101823907513976795003
28258918636028891584753076753642473163625672560980289154424055577682906969872
51258164146695218475018945062666245460638016013124925313640392940166714882295
43207320053155875833688469608440381388902831909125317192874096529851807695660
47815956179333200921695431230834238089014561417298149240716256450180708552208
23395198545036408615209586466536501920215002137677444646344158544387594049710
40681437005559595217788794577422092083474257282413385268927849386053511444691
20260377003134456764746725037150298573384845993965828834408323812085037070447
48434686744743014689184241415958493336115030402378047007345082156033319275396
18853147738681792253842000240880271385441461920989065737250323360396027884837
51942101347137550234911984136667978033983158777607281838367774734256606780930
50325083920186893386803114084409620798379347992749344433550111475851785631758
8601896666453651120272365647386042804087085879063798203072524013589069404893
3543726106517431879308771197041993932926685198268084362149114114794309736130
32690331161899090022698297687962814309446084674388226878563210722114072167835
41960241810412550640292852514437187825489261592402995343295691050034191343865
1709826960579752416802374915274115474783102732549125411886503535887886764484
17071089174215337959870805861369003156652044043596881618475019013129940925428
27221384169367572414135079115096298959229031598546738674754172207137292851195
6845898955534206015145521632709413067822762704284970413757323735444770450808
43605544300471411396111687973777851016974529846332185244135210477148815668323
32151674680103854643754840229792671955250504743142387693050382762795902870353
12181796972006927015845706770627841533382642580501854038739305981165691013486
47221962376919295738676963463401486178102923467118845409067347794491611096237
104355458087805705568663900288604479079289865191220078546322059165090647447
3655143020923180210035160265375473827449990273264361808303850231145975771658
52357208779093077708322152654001660801631778664500354441438878402146542770930
2020968862260685161719674871067572994607467950355647833510108043763576438270
11342765136387665585248056821728057190696621978032701173031109234101245858041
50112143748634776717254366166505481692086397500514564311016443417665974942257
26037425727283704877152576250723986544713592815580926731556418347368759385028
41095351018994348491873607827384190610329171275129317795916267933013509332185
19223427066737934541248965886372092395077587845040759260533577397244401035234
7549506760752599357139966748688183774206121021826438817312448116848747808378
29593049156231884888248988989649493670805567863802551346416110061475253629958
47309320154692785959628999127472175827720921136426268204495971905533717099136
13107011959357056334713958349682539709685490544837120100429710540794311286783
32249007032991217317210229688700615324387920387095284569997971028163754944783
37422781482166413644315257487689185811211006414578987947128647125410954015079
14093453479572889977737276448061391716499391584211257943068600671609594144583
15616076324388859512765483815857238176100030855685693553898674255909367665512
25807535552102516605221894602183172344469908787896964386321634636787510626757
26859236771181667997402456553244938107684932022023568456840689227319850905615
44077511043420366855041238428732253262332001131192496272214578238058106329431
46109187015905400826200056048383266541644351958187751132822754314350796255913
32271470340745555524234783663728934159201141345885444976835218811550087071285
18399556396076325107155545274235401908356932610284727540822239949927328559787
32962970875332925538438680991134816687593795564791686123857742273534059250902
49495347658819498775936829662662962296072333697038506754839092707647053623117
34852645237966184670838088305392231486662131862390251612060315403261272537254
10680997893362968639691224914325752811398312834637852862086733997317613510905
51368111767137207392675512471433812430512453266435420749098077477681730463904
4278157797846397760001447520744666354689993817639166003394830308703043090009
21849086287985668009229123305906609150522812759084312551560538234581379348697
49803917828073449116888656719273792528400736964833763719626250824010112227436
39165790756417131444231675717705348089388146224892259515443601431360837430647
673077330517363000759683193227226913023228918901324215788342701894819504365
39473643923558383371161972221547789488783938129780322679416096559077482351005
3786027044291594690344223719585481687657952203523081101978720644803439496780
49938233089377246877063661217855120069577643119377920584720180454764378834176
23087151226702253254438659210230781664437998824758373610287005078624023450514
12738736444416582940913818479674267565921100638841826173884318700630535963595
20819318247614009593625256134654148312550931781925410718015801995742945458744
17970862986369933362647024893700136121756341791947466557300291573430986053935
29677333578423730819609479528407946794399674683810227943688811645631988141731
40466382592011375315309054271015055276484748472821423619591290059231235401083
9619584340468684503177829971501108852823375915708375265691394398287038386205
3260466863124048272885718304994077826693131086522368848365617491399643548214
41157040312056997511044299458649101900653448043144658361240588735311184798159
422291006769842508140176783800146885635356898774965958453342666140861062544
21698774292379565051404393389461220308622423750046344507998626275574194458419
36521230263987622078981118896877562155949668414655834548362156640984620638973
34117198089233350183298164003474256496532286265843267964710462016893932802738
47338529190988149774162471527340325810935221825660698924573228757563287140430
10676553882110996110651029987497720997332863460602326761765776956201142105195
22924817987388427809321605705341256658032883409045730272908156117220184589380
34314961468680998993832501669724776199765357289837102449322900129055929200636
24585628428483999611305573353568633315460906228355570468795136383650264555122
6857962232936531337404902866739525406082133810884778551367937580143067597614
2671924240640826765714725131344890570410605810531684211908116939682334089592
37803143637010421118036350146379115438361785300769184551912504009150254918048
18417981670342926054236278968302363708787428700674598580220026820452712532435
49235685149484499950246447723121327617093525215873034651813504099982284317803
47830243494945597735877367153201415040694120522323132571076655016614821330756
44013309736114573847335877299326911337189751152045167565879320800909876229880
4681316510926859687304567878850631864556620149169754842027529516737900684322
35366385067654255029996655422574853080057222785421063604612157861482492944163
15270626948015484871195801403030449134036002975469903374011763444721345380156
35698814895786990132110811645665157690589417314585667328069410448225552895012
29758553061111231876012715074668858323501875383763903980033563332303208525844
24937346335188580670592145357983656168730316948441024336419133209928334918800
48192356535189511370707852924913054755882887925354946972431783362192322923752
43173659987485612447208752914756599984529366847077249995021812617012411947962
1719215913911038303661080606772051824766069066090785451789892179365438616512
47127638469790727437418719775434615132990566902578090616087144948290255383437
44509872041048047599199116885316140214925220980075862174593153440571483528791
2163924013316714309139795134238187774601597614284554640545401166913615588690
39052150843951591820804008786038683800119998879094955795757844679026174047070
47641950775605823194585447867468266646208908354044309103379765488556088029660
9324999410472707993166127169537283944155295467925628505369967709550142667020
32650136638189417900040904133473414060759941905410093754250834766885411482040
3381739284933599078210479748656776141576115323347641347269845707881263413798
3827799144576516703031662077096759102117839627630939483444125432144554944840
39198936782005425629071560229193200427894712154953715301991964771834805307498
24871937416597893379132071466985861846511105270513520379116810259486000855954
41610627697691745356428408066671145214499629333550827854155279331433094554236
37590630852213810285179925342893052709526140547192965565775177409771260180406
48242493303503865333863322498154456183570639544969621635563498097884185715128
26047180420980017073694628458428815040557564926570731971750218085249854534347
22524596901072811671598921223561209700671039777007204644471081676982230705505
44512883726416194322169974994038469769625603913404820198083061136752989087943
32655863421530946819184340535529470187174643107745783467427862520663283208953
45680795821436080695694950268946597228702727105342585354688666986259204504031
13624038222319913371819245586459407447265622458739907480291519239498727974971
7805861541233664485268360107856069844915156804077927272976583788871710732242
39517959975316446371726409637873034253777510199460270163980097830992601162547
14576467582189323662251839635611098223792432463544486021654342208537500111752
18172020964361408420596608856715158621127000956983693512638057626500474307287
37013895107786818119601754399583749610863146019359427012606775891501380704932
51443702999813302177407430765349485486850543736853498006844719759191886231850
18911899202505053236444730513794687310499317164886456516623918400087184793647
8954939664428154238228366924693150336253220726533326103840678378257345344949
51099549833599622089570942167772996746369987916349129957285828540415975452896
47727854376490403527424789150987533788327462062083777200070966276931432015175
587547725860089255380274229677891546165670582926417246950949756916989146864
27544166612920058207920664459480426963701998397308685715991959226565466738951
38954692946699014823757131311520253865944925550332099731412884099936331995040
15921876603974448819670927655313878190646368329712258897699950888393183650696
50261712438628584146791814645591783172022870848802677667644368727152696533778
18348320042361636730127595804446722630527644695999365706601219386560272688707
48323720690538300644581152182392751427513400931459896215431055381571427140603
6859723903650240919279663044310574887849051001797081433538109988817508711175
33842767720546247124130226847249816990101243505648973745928471431611710621826
45874631839031458992881758061238146208853940517443122398183670161339780199519
22362040684703159373905356822026996314202070820990042539812560768687462566785
6364336886031353655947307598928701168290778688585062991674074117865056269842
49010583159633249114896780104653293802283190959959584373356801845830566499468
30110343300834847798798238798028120373015489834441702136278137223392910576324
37416490474142661979416979607247173032944728102454808273082784493565799140835
50596170787747737036856258323287002862679604951314347292542266068621953206540
13796359744861330950041959383969137219347277611399029136841475019208273409234
8706033493489350114488052473924968549572422666628114418418560269421596998714
15632671831537166121597593849682444431903154735775187644571369081522442815442
18005386745609792183709037090012740259453993018112219961567644974219677562438
47947413889037133576564143120207941263726211569403531155844631125529434050601
48853754127345456814073065878922836026204047260224550422077645742861309676403
27043081495047248996496394491908119359658719180061841727078854793862264607752
1943997771308378631942366313826557851461636874806450130711654276605739225076
7389914618562858929561417253195570851143032029017920539677524117432401655775
13808734112944285407063931453256342414038461452994927850628851256718654965473
20758684264381343105714089525473417503328933460916311564254659844513797647134
36018687801755339722342990697064344389037294259092493881803294777228191686847
12350530425051033961220669217376734120848524975485117166517194140161247414838
20470971482974617216020180903576482738529985128526988790224475584962358351064
9483439493152270022302665543820697444998073011854393995832717896902768409714
39960449948743429363797324729121239742638275696094820988596318937560471782065
51931982338128573974645121549378497382174912418310214627134675976741718534120
41462462161531416651554408479069526009069693346603847240165266131248503889701
24569257731308853704956422804979064280004950711743331524693693106451359657161
47943587360919556562385372613261368578766504172872221334122487226271068086446
41462855888683666646326671510624048056934945095977083812254787213005959327299
41121581631590225638419036551161395399819149463751934222995986039460622677388
10793253802140712812201876440936094240897439919838563817253157708354493150183
22642994277348835740912492913663766091773973077738435268348498258948600180615
8649770353560450357275007323512355222969194721695025187469927582470613834227
31993469924451110345629892800927827408159119210155659058767236034655026514590
39349640775064566628342902760944915059791876304380328652716942590652995174598
28613274294589644002045936611689411870074040128456760425212948324978645776748
27984774605957565838344477612850615394484284946460848909857822240594736395005
7583635476248904739313896423988061466781866606308618177049814425005782477236
13171136774093781008892966337719004745520925953694708105979734649763496109272
39779490656215080276157444828396702333898694333189230114951710974527484188227
49318332645445207050861544118262108238323712649960888603056534337799058529462
20564017405288247826680346541676051405686463387735299042316894204975089410571
44898581575765079986287251849849637178866940952483197971028818898144362482517
17053064698746173422963576108269213263327023583165268266193632474629060854167
33554691880180657339624050466216709957190697506030254724526919782034366405316
17828942203578524279266508877020203170486140158401791366491870176022720389282
10642149549442055599980493921686109313585947282148760403401294264813305300736
10367639164033347659940297531990954525739284077481782526898315114168973688218
49337023697831686722734257392033166770942331342826969260724334484788545894139
22430790153005455393124772190686481094201444690646967806470044886667676047112
42503325180383339691370558704778124374865632054048639334072216263657643720187
42370124882570876385969432365342168983338213330526347990764655234772068924421
34420221831708212946368083067491911654165115372244480774023983208542226932658
20225641258934375650764908005592136489383088289021031980751822918858424602126
3534680258118960833296742647830401191390644005540473161962158916683547132604
33696126343780594641732031239101315340428328741511912638116799351269680120473
43968581359063208013980751607358090524746524344250090121369542755551925181087
21831829654657612160328030332614261962007271817057401272266976239914897155969
51954623597270189389065078612131790268723158786730357230002863935389181807406
30663828678446776929868878298430478938427202030580819951998650792770509201207
6584417759734027243305936984238360194346195560043796669957850806895573834676
5263471352273022625713850395001534262023943249940207437983106380553146730500
38277279091195630237250344022084468146550380697711922314577353873269835980166
11996206820646575211023630078230320774981444888004646131401135428512378784147
4936098532383044896469143161841787704765914180061843911568733616752744760239
723775371210699293079527231574512031898300599018419071333951101282000243900
39189383616604114989754626472748970813589313062464379948080882401579489468672
9261595030297417244039786996939391498324654981928174791909362543554338676377
11792787846946228594997161586345305931959817857489446018365928243992844872873
19087876146306499368120352856641940680536759752284015683802003374524153566604
21617895744809035252073044938712112331356272000486552489690616250468468194703
23622282233020265763891442759863982407875087677795940910392047006567871785242
5012400623800746549394749388296438176537492115793796831027179923311781042141
18666078489013619103541979131609597644762946336962975815217764186932836394919
11946985428290569846894316883291871797245647928061145705745682708102112205778
8424998782149917835482410343138263084241991445357646023322751354892543089206
17214826542900506120968434824036801828285176961492888006530421228402569914383
20771968292630469984542309774831328375292808990564575369059892049148679908203
46110912494398531126489819227226825705818948278566163044812695232512865889041
25043932115685209489596859583200619916756659468981298554708112450866366841857
25092850761722857230750519445702670543046494531090302855210882715586088566427
43566079774481659366503785973899583377520952205257375392737901001554690146249
37616142744004626473424995896566628784665276221711589063440628495057796829077
31963365012593575897804835896622222830213093976615411606085727606694846867722
4851286465554320425094635512455467343662293425647477525353172062452443328600
35515590118233912060899840114995524423073542943620862995003176745649102074363
18885950634696574707939317819774730379864293366208967140814360620279992579137
10518525450523929302896558613221640635919129104674227457738209243369486713869
48766999004989232951030209242598615454258489261353813889176523424032020854691
41256724873414527203077320314941706688650525151460159135532758811633481272267
33398273288145824059293520369641752585869599450637992254589963427769492010905
30342387221325034032419776177663889830153113653112930390116258669054871460754
16184923023566098832243934065459538747329184826339949149207548720373375216775
28989764145045001507530410091120503731466898739563953903013393834931775066424
7698944768884697257183699476257996027623227686228177549468347085415340965603
5368347252693805615659915694617577474274926911031145917756021007707639291977
14390062542698877087427500612915220154027526032984841313391490299149683176833
37626039169414006676415128240419892484012083384330347044046895611957813836078
2125636563123073225220136336346206011548439947676472466075422436386173380555
5230772219034330905742229366835337916789421412649031841612797716426414301050
2595658202603555861501285400020271834518805257671448209352632909642032390412
38863308258015207140985712930867076209762544304455917906687150131848039142855
34867911421059673733336639951709119325859102312118979768001584173702343365489
35550407925458726083615904324470497955001518486545065884577055441324172050724
48494046145896003068312112187537060852751465291297513943218379010050199467901
47108563938599008352791985679351825797676172204859045264504635588584959037329
18792999222212386159472881211186851804953308054580021687352114970549072114708
22292797015505384296586911287628333476717493433209033884285418369870121197881
36585744239107927673274258669136324998383752130250935549153691198324778046559
43954187385004922964405329942003217795102073144616347110879053517215646005340
13151091484807687379663904605461460879283294756451233465705883965658803951772
46264276753482576518613072579565376463122137671038173954623588759859399717213
1519081215180086552354185504601340211971118936456052828267397169262327931368
27496449184112974817302313629291711236962847451567567299011540948920025044953
43837104841398017860718478195700801645027444871765180044485769888760120489299
45245784918874743009085311229471972231703677996967780855414511669299581904354
21813332425590992350554207930306251116067565806102931720161186996693114324258
22201751139264557899032162910610604151433945138216930801453779656023667422043
6433667117112486752607485479923551456249776507693641106472805898278330041733
16580858087575351095769492583443390769309712711826446850807503512036868688110
7044259913705729226647502653572355125080554601237627503010977840848609855502
49436454085797273709133248991109334522126513233995649270552332077512983432906
28345770470976125683943614753585715786776718605966143769502535168823375241314
23932749939750953936343100574567560676659367444799624848356329439032103585515
