14213549354808439114476739148066815307174967323256762358367353212868590419172
3107403888519257466570343707422215498200932631085105295260113953039022329001
40278527871001564236392110498538021062878983281617838127735882860938267896841
44153998042362083547144095540557040449315681027564156381874870796645350479467
28376380575815383965069946719132551294113697143996368415828068027833431702569
31422302418798261168897514875339074726421617899519007930538915828599313990589
26226682508530576572637386079179188231762973459388636430743601528183535120083
29208719914068103725420933686661432226289248296934867220057567865491462878581
18979466601597347692200738645082583434317736752290083786322625173829776900954
3234148801884752268976682103018112263196339696162994376548630144553922532303
37716601042311947158015921004051041889908622553034246803015861052730746022596
39608749795665756513255985899886427815787355406083140693351003703873910711853
10742023939939719692968542347923089436836705404674548521469542924721852940826
41101522043883913797276426816571058057463592094615725829504410932592331171655
50079894279381259022896029098982243991058061715621974404468906152493306670619
9135037136686070385831901082020119619652962422784199503208296137551920460471
28945895833536782196973926318637124238913653240914833258750631333863488654728
21176379434016207017125708155739774385251039080138624479098672432205954606917
26880160338182359624479267588519399904475735062516698233230221444606042289159
21279979497255918715954359570030540972815286458720882224794349741627069888917
30478199720520944560111691331362549131315047069533842080059422982589370303236
42449864104408205730381234679915800661533649519279199152873353515700056481983
50937008414591476801566060625620331050919127023866001082794899033723051592051
14058507400610857301971899548740401360815666472603107269626209047216512772912
23934519089541866871573815016379523017736283851433948937044960688870746628486
34065908549126743164857847410553120023755518240930602639856911630016339163384
10560579808641490011776319766877821026922503317498118088487319759811577884692
31430839520011573049935654424581050105452140807292078372672922705806101071175
52193332359183561018257949713879617806342041345669176532251021797769960452780
37875986666405545728714457496976869170594380192154219471598746117821273050721
14270175473895404051573707575837627422010060091275343931795759599363568080121
12519664286478365890330733039926436989590221325186361737225701289537587446788
47256756577327103491542591767704946883220539396862789600173330009630634236654
40036404499414937204095411693739913499351253005356011881759711215852258256201
16685736667482367545390498350488211145950835478172020598686622416221645576420
31923677494320589800083922887868247416511512513733555778197569661403079257882
7882918908372217485509088825710706474032297901159844186092745767099912015956
22807121564894158738920221072479694539558550895989499110323665155947463440813
21401333579955288588025934441401954545137296129188081109999367694125304590602
51040196638785564893964573106592150557843879652252243033448287642143054419275
42952561213045521830404910816963518611852139927389892866502006990060575055288
25137741537353013864872536241417129743078329188542466091557277212150649889004
31182630718512955325667856156910572597244046981676253204984800692562056028320
47856857701402174218818534186211242815569823807538247657627088402248898377434
18118690550877458116669021350868058136518563998684934127871826513096832941726
20112347163680973894968707217645502486186265398235148374324006726174164000053
40769087421849830254929036144179395147507990840426372514927606383298024933947
14226461311786133767749545358921752969591829241018834296015113430089479525534
33394777477763122139622351022594561408555141263720103618895902770856386749718
17249605909419390784656063286104052522649049747229146507786375128178386995381
45584531235232035706213905465088057620768770427341913752576714155317595532940
42371541668207178345664926646128966565115820910268893633472976272977137027103
28604195743351710070221482771249813086307790967482686444250858367809565805898
32113178606518820390198350822346819254694131597743022882861398622337956628328
9182576564786857480513421158223484955345576096163729967254544869581845159199
10597283773475742218501486927276956384458893277663972394515399794217343267718
10247676662172279438158587278540257745178059756749990587412012425326896676491
35693158867272142362429216029794878792348907628531103270689864132648168104739
22983466842126470955258251428217446909537400298221641320593440549524708580812
16550203498789117520791534278195827088076268484900192128654512021931542597574
40565120116589530604739353153223919721608420298906768529871589950282086993867
7871727124946708362627351691602243652654421920546611830722353548733342710336
11375065777833003574721606868310864186331645360333105278662428394892388874543
16199325805250521429685374440633405236224941775044521909500634800393940847248
36709028428833267993638322458158756883505729377684297196548878191529692598272
44531377554019777903337140589566511816451921443835284515946410517852257611842
10040204581313377923200074416183616158294220138332513965625404606912796912398
23204558890549583228365371886960181010439482709604353733315155424789093586698
49240238819752076492329372723890046273604788070580914642537148857129165099558
33000580358900478766124281979632976365699856351132922521330146075098500507786
46756111285959565818532245633536736482703749117163471707882586071750540496255
1722034770063851269834697443736935650635295605687145515742980374133776562222
49836942673795456217554015301289035357469481544412685912445726532140152188677
38720198335023292704311720563592180324401714613275304225370666956936050760542
11147528140329309950701476635021173980753286800593176968500871933757515942531
21626325374419351594755842717156987570132561698753126942995409269944582249914
5599417846624524223537450378127811976551368504679322431203092201158850232692
14598737734712486752486391317519671313476236210803387540565342382311510104628
40929778477548139051085682979760224416487145011475087694945284920197744575920
46869466657595370024730364654171778969478660001365324944033284434507710408385
3652485592960300994852039692650459744230524101871762061430676953798440915858
27011493198440317205075682550767425332810832860782998104288095217869549607894
26407665739857003595359643501841405821755597989039937898997366234624991871943
7736373379686762062946591847719537480753720118764505981785669261147562882135
28062610973622220724283237855264775833724895910476277950032498228063932589426
16822886964507231795576953858896593250379449660728318714409294457159640235688
34284210162172856376150921656723794893309339390012462933205828145193092696020
51996916774632904619816645663356052509346656991786350215728660437097448189620
41227669506567431177294544261433906139285942770605608687144812930210345790686
28244639144070242342687686535345901890822739726058655200942476760024468747544
46302119547630470048574299439482023289005235550526387717695187200093530204584
25587163688144472414321746108877035668433343447846029915690652575294050869463
42434747635005014204016055480807065329290260446524060732738352965443238835628
16309544475315236509734751146222561223465862367210619627331656074011856969727
35379695197820926979849020191609960178353755208949982059027915910049843299621
36751672375887781903459178709782671354947971042017533703923683375441222132130
1944403841564072369296729606726555379591953997838258509038495466479584203392
2569111805626026132079971907001977772486903813055949755168386120507491866710
32876795671087496557038586629831457599680308209880456156354312381178419766118
20340955993254005161326884674743598186239229736391978550712881978555127112572
13902784861154875570052802818868431394489444874412275294084964634504937728638
29908896052071452635104984754868145041621873370616450203146633324432703790335
26608089343068812920221272358763129804310739359075746661689893723797472636647
15660466472817850074146435218143181376758186129810874279722958672581956064290
13316737751431670693294234871710970552354045949923062305353310052550623491292
43249104430330897986174296706943049576943443941641051574426133346782410901103
2741955581607597702388799654722968331683990024790554719747485256361494936587
19774247759530631516204972156969213118662569732205814545549189687732316978241
32910649878904962371549190070984217464828283091378848537144885293930839084964
49506089341378552695539469171692792870813737130938757379149892294521338180498
2544757045367387142554057921881019047498291783343160199352268380438646861937
32265123915545254533154794639781173452760691885420642620739454712370805008314
41526398401030200433743143228509780981703664936063164511676183648042123742603
48695238388228606120018202592457064082300297394729048812121121536890210300906
7581389057368915028273273080835024688826689094610206306249882827836653746710
3665036325663172051706184345988521063469439671707714780691969947606077997458
51573048357996949071448295667610512091571035328763098510355635368994392606238
15651665908338044675595805988372878854777115565573362426590524014445264540957
49219962405152374136453782595837211209113458207181356684118229014885392251395
280153425307837064923849481749779894099198002555490724984253103309618830293
24785191964221041096875383131168528479756198380993163079570666644945280408342
34718564300228897640007797721309332431973306626306475694507058796449002007842
48058413075198243205932162307844536284029131508753752514553299959693592552089
21878866277517565015733538217607372277532535037764017570690453543743928860835
3410815225990174256100201991982788548464779412535819751692373981064490685092
22619390220031199657357721343589502240277198600008161419390293333615166795802
52027031845610463177620189448726195047112447870480627193593253216730689706737
37087695897890341829787278227132859875603541828500328175351821628324255549721
42112667467777269481912071398262933348776167001459208966817110728497349288395
10914292626452760441975089045087599966560451815232253275495631463709807191740
27270442124441368488328524956761399643186338755888810736438664431465018433406
31341993496483271504970775583610709107770195724214323606337799960081732759265
16585173382725288503290799599058309631429710652189720489326804107672366879334
19118813475334058420277938831005140638881211549714713924382675147831545881533
33563973002197030561913394803294225860876284180439803998724022733751982366661
51750885197487985739333191009435510688159168594531209876735304275634496716521
44739628455731356009961883665411547990778552468945268397600748769754525590709
33475154364086566003896659515357489703233020906272513342599455452357707383077
40797076074302121908973198531529110945239822231682835060860677437831561662047
13826932007687134186204673695108962644138441234159141235236337029846556211085
33890505891296437037639150350430045577446701317470270099816768983162824975382
42575501336346292337168757124465602635788172920453946952233343027037042201637
28117600980107696334949649822142566495934841776637771517265475302290856447303
14858201795741031280380566679022420038377321582530964934302178478067658421739
25726212593335045021517650731308563370972667540095202491883795663841110795988
685382601088467173336409465257592760286449256379289655906247127390617679506
8053927961069344769091179974902887802082863735906145106802451925220550568100
41504992781099138115078689131480046925964992940645971629858510210764817586132
44877545657486506478685613162506963251678006322040624332405436030761058212105
45307892522941298414033376197591630244584392265374339057067690923261966942783
48387656259799933730480404562771365886227107097923143111346825655091158095773
38402977110110209386964664789509358273329369059927120845771515159127657186224
767096607582053734459921484600066898469312311211548808265040910749523184163
26846759031169716906992020412299358592777322461186505129926220024950204788917
14070334645619007684575475488111076247118400841704700164083859289615257611558
37380142891276701562031169739941984594437010984084767147126201803454932725406
4534856075945622956699386321202291198653947576710739316110683384044468517156
11153650430856589771138041243378658766518621459958202607485993109741058878564
5861826373270508424213550101609281936747793591235280120523956446040565735956
50705859986098313132039304368030537191089638250857721386766691156239551958472
32012660614152360403817564709068589498974309744576801283482434236179244540245
16449703475627244133035496307229592545060737202641716748054254863750857944027
37077751610187524498624938524255647919074735559993653469465730177355814803757
27058299426149003224045351264910200704858361477322440241048918996736634393377
44749930420906029705776342820134375619675374500959423522357443504972413024610
40909019887129682996966825118778123062734659329213841769085757985558788440121
46802643135291579556090684786517308702745542351495284908474570144248707708585
4062159300100095070909508672537380344166822999001615284039179751322994130073
43789180173308467274202389563682688516830509842957561685436036938608304522718
40543059021641697989097344099646339278141411360841895827173422332380381030093
16416994405825957617917045109412794302562663857924062835445917607189384831173
11814484400621169216007210296993417321702415708354938286307718672556805095911
12093796369519853268170038358989029614083527404566799461501875171140544346527
36468675381067809340506674202880021608118420634441377583913284468938613005398
16943377977768301115528639194853002732804199204353213102960067812215621065219
43445134098989332160309420257600924938566131118369243365124252195826772836112
7451065781247944718616902036801526247831603156301385810518810226075971456644
15318862017976908556062986489294420150952524531828910908611414219286039051109
31863549629199940999150450330893791893253697192019510277583053817015595114082
25992462946757623860224848922920484996220396292072662051610214686735230179470
35222438979632390501731529491908557149857607812592632524591827164768878529926
27594775397742018203771033441296703149637721114511469543779346686638898587590
46082582581873888522950061884640293980060665016987111343821698677495147028572
2311193678930848352013153246557662228741725056531466258250939895155000354002
22653419504492946338907802282021960654004390704752576285031248264009160961303
42315907080293052506069547955525444389837100700635131443246905571937361800321
20289828926465136021837953609983801124237873901007948640845990512809152836967
25762481290043737655517485077495546430675527351828806048515520536039491179036
22557540158370808764714024409254110611735214191485657854753013618890627491769
33442538755816038933209676811550017333244815527570840717473396013810431552373
12009979193235904517011332756700389639610144781503421879569937428749220783084
13644705849348560403243233904580416770821519879497876327106463325276636754094
33504640081118703986739567211139642913437941126810745988966256362288173524045
34435882909557774151596939793929283912028611910885855172211206807613793623673
21654049189697701515543804497662876047019961620874215249686057077951579438564
29259614513160688043597617183975302891638875442670752886958158024217330600759
6585458437739451201970444600018848197957521646623092758885816083979540816696
9268915077682128513685757907874259874288612853257982473066137866440733052174
26833437984134027048163281270844605399217810386682573172022764547200488115316
25312288719744232962287663772148194641251032902723334010584558721036384482048
43716175316591578959971733226950328137185777267465296891851194009188461629005
19481363888922087080306999004241605658189358776098198395511819075311744576148
22747547558832809032103923339808507914559745649650072899509296171579566812296
12146394637572392909085731237013503477609535800791424754279700223872559895563
16148142237516377631569276420624783373738410058625775536663980245058717028858
44738881807667319644661101380855497715734609411688540241511925105485337227426
23419666341398666186803663690330443430555882795042776017071034100532537437892
51212554687279931829180266171769228806550755574516910368665005567795551315251
14543429720429663505254572845253659298715999566168260702689317580876202596527
32454725083066904846947734478104417650628426675109098414636954643437442548352
23472150594806616381890565394788421566907234277930592217453575598052189902896
12493087595180234728571668917718508987900932955788758361727133994065626532937
9107093926739528979538312177422092549446568660956666669139906679879371657880
19876006058914922214995154019364892331284361098785909439117645782144942645857
8789963577405144543868453979100807649073338860871375702886215665828712137404
16925124438552595473533213409934895815088761113100959808457143232499268239545
38135512211625432063493895433116488441561213771299997364708661069275576443341
50524003177325862950653446198299959309149382862462020317823543286762260143694
55646681958907411885285925017154601049831715057570541706886459365422065162
5451568568405453667126460178972451913000948758191527618269801106009572459446
9893457923838337219842824987012056994552287982713653329261338730433647985126
33851060088141400955385231569615032529799949507265090524269641473793006804588
5481004087031538414898608898247080934141673556819288847046722314670924434757
9386318076158471497312547950931438615029558990902165631459492817929769741864
27416303964206140305239108769430763432578549411655099650810768087253158326297
19570708624895841997344346850943730308641354085142770131203415322290757332054
11450413861131497022139834272833845539145869347765700938972432097255861647066
26491472765620519616640767887507081827381153151579445493041793734879673884799
49338537572404791667929942461766786167375485867163376681568786713599147022766
44507998943740355469934335446068096096315474509275310234324075088962249516088
22579524717859450238832505442755732124847891060926755496296557282519383090398
8079586356654022102575127034986764937737646119036530977844519445519428154377
20559143046812480140455950652868083899034025107727225102354688726324203169065
39430162684236670243768011740853337236008549593855802589272841427587696640092
23179419857966226678314064582367226944663758198707316700603077163999633625091
15865329131147627828606598799722369743508195475818175177997119187550899214041
19343161392432669496424614643287081478673666672292919530680025514939039620116
19816858145321732298086309287801616481439760847733097665376045720498927948709
457629117831818234666868952693508610695903161986897019600977592923912741415
65533600256956257198309545846957393601902445566307409118652914799063173151
12861974813023626384616943634168990489159517443251760125289416132532679452877
34468493897079049823741343967240833137760359515474800716821801808223810402837
47408701069562925194542738564362888055715963316491552616447387290672103211652
6493514861426195405919192815102886646994723699604854430899556258287631545948
2471183889562424063095047410793293056024104967032743546055432254102254162022
18527086984111037712832907469784290221495832982308470065248030410480002798006
21626997666043771091273502181239294844817482912610153335104369959787896623776
26159461323945191128553349708922851896528763326694685238944938452913305456546
23223367891786515258658975257920041931338109568021081163017495213044833115476
23909073025422128006911188301366672610569200755094937445962157081393458667673
13158471447969520624727456145616939383343352908944480098689342636065873815070
35512163347374546542146499133118444618718409413510741409608873176908448379947
44350938677257047524334299731015438776936527863547855063605228966642355579653
35677996954064885044041951049853327891697163423209160570108179095419747074494
12742186542862399137376563428121792958470412114193083408163181783024724223084
24238437054096461275648534239576709747356488459473064077628109901200399389418
45252928475844609106268872677372689978432629046978045604993815976028506071226
39957070199213898860767110428235797892721623054953534895911431738398147942775
15379348679424763746076639081801321620203457006019939845808305362613586045871
39913660596669153735086121095274368044755173017204103534889080933339349839487
47683747143482929045126803879502039102011595677391478285687828131063885540208
23529355240395654583043964363654199843633053126172956351663179713949367250111
28859808863986568071149753710276990091793211653911903026185863427170521819593
6330457131815349249468308736288401836783746384160359726941323155206140233782
46815159710729457912493191193894805333087760683340977314385286889455345818036
3027274347704414974665187747975266941692870556224612444898838446464331886115
39928843900982594716949939930550849996214845359903815088324802658485427320065
30743362121732050367061904925778745178740734104033765574526920612731972950654
49033546297957857531047547943160306568581036472222435570331961927076134889935
29727376517603984175691073034199170845202219597814000345756264062101169880426
44378968067089847667697084470318663933299675352013799300228541765216324872027
18555251589135114419421039021135042431267727008863125415026786023079215948147
1905764289311911362855818484824102265497360018434203723799389630315708393804
4739338225410010946325042975912323340648133491803580279056418707238415458051
1536865262255131946745952868624525409586867697915800968460660491475896048932
31519929164176113019607275007529782662834163814199284159326438128371314198085
41204776330421466351284099646449339928874460863336831810747191570988416183576
37654769101611358863160872705201729772190958443542715693941982804498705560047
50816243093059745126278454322010789848664153024880408011405152578670323432673
30578444549192701969616919292625416328250904310094307667151341907072916438828
13256265231318308864495341500949204006383014800312255507228292861962529782155
2885883247394660209688012307272767356437256231089153359565489887047607318531
32007894360681027891863105807182681118642415769675011278920565756607222105262
20202860321332825599012311271522109464040174173450716936724732422178345457183
37306926855932594544738952573575378841703452404996110746053080990862990029105
30455576309875359811720552014653594372385502673591976232619390980679645164136
11020764001148547520434538217940386073515107448449674652062344073874082703811
29730570606957301420169188832612038871699619757978250819897545380434182276939
1031464016447234154759768396589962130059541882985799593450569438770953849536
33991860252015376090382428452300374057631140175448358352983187341315781914307
45317946495951190546255416927722662367680646194463421756950145076847076174461
44078182094821629641722846796507741862707746988272686475881531209847909054395
33734218480368969665401147474999132873474742455880800138320392702936313127641
16768167178921881884969237492485035248710578936752004829619225606381668773324
43061891277117493412708772098289118923060258133697502447755373307932020263568
35001564364257374107274857205737193634879119045787568093058532181232033128526
31744756544562509134192927927314234682398187136708931837791043382483095056739
20184181857000310865652574249452238736898782556884776520322491958400372886756
27091998619437499040720796238961093046078188754014175379029102292406771266059
31082606595809608249307365658578626329786982666805459108410179641989121505995
8853375287248308471524357890833223689541722633693426088202812248237108302128
47099187602366103095755420313224409914986853916351495998593523149902585302919
14403684032510078528492734385027972878463007957654528616879484720007515142415
7849081188493250421531336183574796558932059588588445663595102811192919186060
49597674880311729770982771350594492161008627486993010681667996161925912229079
18721713113999463272677430223164229437904286580448850322124136364259993160076
42599333644163748862007152358761440908675468691003647705737244496859210357859
20821251340276992188676186780427557694171010109179100229035808090229797585400
48298119089039364501641709583438481077212924232502479942870631057862104682301
41960713828913096662794174050574279370482335426680200302240186879693060487545
34039932090528125945855062868551011223719998029326834453478696576655720231913
1616227802504546059813810011344491666418957472737374020096395828226863718049
33250069373221081827502948837988848130911988491292284386238910830278385211131
2543665362182458414050665318860017229782850885201961855920247327138672707982
41489322124004963259177688712916721116614762311007688403018914684158126466197
33369319024628659931143474366074000856397058454040657146131767399829646867304
6818544844948240258912791908010160394845593224423655392829136596584139474897
51482559505817196840302743505117864384079470151970270807819462539194755128158
50923041002006809416797719182410270045385287329700040617488397573721781275728
11758742334963014290565746002345382735568911252739546504991596266421570136205
24018727720824064988405013187157745396317743349243942004715605737724969374562
15413898546274416032782562174476937748407244271142443677836546322015203854862
48964050199141495268407510505832293106171470524618916952245412624786950475664
6405679422632767772479408190987504008630550322005190969895845375791162722319
48290596819899001254612596515152077606375400545977415705303624238443221583269
31993261762401680523980573320088825567339586790109733017841563077362086130997
22486640151399498536384181072208593537209622147333984996859421125443958695193
23705347645204699323741777766997006515611511529875905573423485141220234154485
36864434885181503042952807010589028168873299208934142144263798529793026553009
12083798283202145901133427414634323685891900086446100169320817960391559787051
52236218132152868634576686388483584753349778343949136931723453001319143471745
24984812465938431313326170641315046170506593159508747022375169107697780240858
19427813802816664101632527156711688885218030975120161489186285374683404630818
11402025504473229792383983017124373771501266936168270127328318831664546052287
51988777829871974082666475228118296209116955758869397515370908298243337418875
35054909859011175920655408597845088929310704371422455115930954056487245743688
22697080142120429896639213628442016181826450730313780585838480143780153773260
4768391066267078720625879060837889007006035276666918461424927198150536694518
14212978447650643884778446121021852813677055551866009082152510963662880259693
10864900225712764615649750540426922605805661018289826699839182450609932866363
47605203784675597479986548356632881686395805823461706582684670065251710064998
34888796610210954938499318600687653474804708278119387446183412416828957885523
1598519982354879650695102495133252200557160834197980579390101235276213988069
3949040001347657291971431122068344391749665022561701801231354623924604837940
29595852797224266861778107101865297672805453000860057088115192263529897841204
19110931484750416852518716316751657241616647501630422283095111629623790665090
8578021997181940280116165366882627520526323103994198387064321518186090167841
33526205429525354748876741321160690809599226420198733385314053266123547960474
26800969156066318537761056384119323148483172210477093683236967574718944404984
45035478980123094317130894337656583408989101290186724187345310686817388349962
8231005339402811522874946482843863214605612990577092605657249143352996419595
10558203344997383738474186009068744537650197924215660759681884584365825548005
23092160635590514722225097503217533461008316252382382847099529257130684375249
17551242556337156774498464928820024640875331729550214133096306080123405916305
5529980750014418231483664374714935429395657410180754352869067010064758915533
37637348116899949589080894694136469448541547827847530344595072883160390459103
41483507187996013470039056552306002144798832728598857092350376207164431296431
29489013142489034543708296819126153541577316312700399660035665539732634221466
37200069732786889125942072313007078564916574308286955086730746229779100527363
8386835688189785842300907407439502738389999141658332000225330917939746365931
42356749348786436777774617929475474863748827457738468666128158577656766908610
3439215378144508962663908489313535096510436178844606709515119710550910527660
9127044646028411686290679737760641512429826225507113868007825521828779500837
40271767920986443005227026040595864005881607444127255812006138397444233321067
235633565583434631887046856450029996203739135942340885061800349934272521341
29313680251140386557498108662015955896064459476068091800605816491505818793793
1537596301549119498009428306800341913308157409125447162241174150898560317287
20980653408498902750095204989465821682082268806751356378635664357575955618065
1278722903732699087127558835759988203151315418486025375599786326143465654292
49552622162746302997929764461277247858854051218535694122567548831989259958978
50192552445040871826019766076210963972379148703324115739501585069991557224549
39979217061147240716994699901207903461255309699886127934269634102550061931126
1832194506633396392591505051467967280038510638511921676926977654471008939354
22800981310913871643274659201655647892937470547685045380171149890092205068116
50824523936060981285318229621751971514135179434507164471985105998471832576202
34868672406875716688051704486580368026776211451380625139072210364573286481866
48098726288797656197849920051798663726017646768816921541375885270968510690680
9938154897328446655980724938523383288941813838598098936249838300402959291524
8083165920832619342063214078711971397185710996402345334001511855233356527545
1994495175233430212362217139388703084501702947823369248367707941021626355392
34844221303896986456518060843128912595517512496310487553141583112322524632436
8101544114935802485346866644592511879506022709708391109572990361919440188559
8046320447303412014715972940789838828817716098518037890242958944264261884166
20181673644671226748515921201026189557367964432463970392590017535478405180784
47138674732474080839307949968481810705658502634735728957152561365937321700977
51585555908659253376337421873623960926279733850492553398464311805486219418302
38235530688052498221111881699509538111711757159859807584915438994778963390757
34728140036374373669197610610888494914543465609983492388632393117628824724051
11763491551318583058639940089051282047411412529312100908970852730167185996745
6823062542933424416136365794576423355467830626136013875740233039849312438381
41492705111818203715778151366120884830365383076418386234749929704179880145784
21854616708641775342475940314854157203354326832894517913753404452172412458395
30367057580926900246383200251811481289623534182556239377141828269885283048121
8511604908157031868852748004439151139344656659261902249244380317089434262141
43072234077638712053499736392441722115872070290533217117816674383488903834821
17564453320263828156266959151880447912143844823938751567036243078545344999328
49055954628573589102576437808783042114248173687222965819398557568569779415772
15281724727363791790482766520622588019863189709415709153886691067838158819520
16331154936311954545716446708906170121770055146377201268882504532093909249337
40379045378451797548852440514538001851758777030616976943674997957890030851091
19352009010725438771581563097981347902543941402396144872608462598913092519914
4024117513624704308828811395738297987829939089959520665561744088190032536261
31307188538537954855463820011246480758093660721520780712497539473543737426426
14677599001674950786403605975423105620997706368789533970996949821542451538511
26770005813066046946903012751288268770249909859018071107366569310204533078676
49211089231554158230116989763860781658993909951663231755638364732355801981363
22911561317008671479167274834397902219920636531299726564305675202037498863746
25081870790777799069941841206358797896313203158992011379680367964051506389780
36366039930295303767583053606319552778490122856200029280315854590413949146240
20296519188116458991097342051383284002607521772738557312871863951607210700359
22139760556240235262217880328091346747938864741157437026877902359683536873966
47047952521388688203036273366522321390258710441822098753517161884645667696953
16051111075899896333068300921306833050431515436959999261924331378181494109125
26776982773656980658025149038928959827583609752366541013893386575656258848218
29399332203769776922873490995684335071149542574956669348297746948020234971314
6580580118130506028680240035219495127372138229971929409961038958776384073559
51873820424255561635058271906241006251727351199589808350301190096612028290509
46296371742411713406991455593114975826239671535383746215235959849451863212942
16862290239679676087680696752673228905062383149626830295965353001215835964219
19034736975741658772384700616930479051901079508270093083054779012293062547120
7350573402889307825464129478228463743628783752434676161569884207588700676961
12537992987809289298589637487341358920601442610592887614622251467818958267537
31585802343105754820696177283298447519974843915665422527613512510696564935832
16464900538378267380146772990336104841855022938336016532694025276240540848623
26974107208954778697491298391068533555358596055461877768228026661948479005470
49814215032773689117621648043227152288866548794386486171170271706247898555498
13185511859761418175338954180535958545796353378272549276291818157369707689561
43495542653734209601981434694550412788619610966647243748323330159601935945664
35946969064658273140401828132557014034158665256783409205455745078968688766950
27949046075555763460400220612594499770599039976787939293239573486096575452905
16338415618590998998461264126928462565225249844394174698167451758197670713752
10100521088470723796173604503292766968970754585028953860476261047132057881182
37415302277417159232053344514386867965538718543682817251716199034731800406162
52045732326843505613055472814217589155953626971976408065636563154026826315790
6904637261301176790056448294912142151822888110436525025533490861423515155418
39474095205610513261261005052516015247918963502415711568802084330904497526397
25478322801347749754999791453198494342985745601165550846140896134032280834922
6396751501457767766997280640912106500958472604801550128524692792679465310766
4025760196588821885625066746640091350289323618001082371312558348992496566463
50178197434413438188955698044688874532163441559273452308162181331075305747472
46244379262616352580660172554440945368600462955559377762157387570804973458567
16821720067882037563433988868924321474915456040033051874834535601103521179632
50753317301755395469834156273571899234214147232150891627285015728176279824654
36584400674633659365007218004750527041531963008417210973688853900362651758588
47522359701698335331393169162777061677476429915726098520077519895586937798206
36905828039144433607378462551140564921616357252875679051641470617201946314232
50880376085669324021853759936108525773375500096872326147178686500522060681613
51117130034866683712560600964653584871356169133884434484543960568598566472255
42091015482828760425609113032683688945579113558689046295392071136302001137027
38798872444108923262984597204686668172875776333418105092077210353788132759176
5806987768103815932895737299915497147102259995474252734563056797692896565329
32626230123333528036647042858222433178709989132492856831490120901918815556442
11078738422320882245010508407346635469615694902061172197567571020431596700736
38876936878464715933339737617901679265962686496423426438367374648217452781081
12020520155109202760372732972091048262244287392499633848920820899224717746961
44681566770588353860133267487205011242646878279831733436135435009639171217644
25832953336712566700944120169551062117020943810845747282960206688991912513631
6126967722290393344262089618370466054691358661768651211374194593443711664731
15855018157524232098632489104108081920460204301639765088014114901021431191456
43997347033692273141123265615188230227991644151663227055297296304321214485368
13679138629717048563127857800373870441283272448613853613442551343870377538219
21428643623098205204508491444508251935366235053910306137010473309085728779262
9682207266885513681232970059464433112698720566257698742276667744731865982474
42584491055011213580155339483744084763737811633839874382810183607379458797283
45001917474604673945183524959838102445120066227656651967966315956866793696960
24332557089147507775978681859730603624973973055693847917831068922608937047902
38619749136573688594214425349931722797637251524566504793112299049912100927842
22503744657095180622984109748057547494953535183847690168252094981836661625956
8544472436639497512556844401745846530314365434218925625331509404905648518191
17038141639304730881662242478907426615117943855113130872634209243982190085507
35606630827521256484989368517534386684404300751300025789748058078893713527290
51468723614680206486814514005471189867373334057782688780595454655183584447523
34371348755043413046847391079779554241025800525447207665285406476307598010110
12543637322470689113491934584295128920585472131784129996204215315760294610702
2205036924724888049810672297783729728519751195763282892101054716985281752712
13400882827869100387276961580607376140593729778386311920781527899971192485171
46800845480819389902117475344510772623019452444609777165525561798179704436104
18020349689694612852162040966432738385019149160504850920294024992581124672121
14429271337612919745645697557671359707512751300589882415709766383157135847747
5063949976482035164116718823074998955010599876397653956246817630622567470259
9423507900607558294957999670417863220275244991708409635134671022398688551992
36127375411775923196162139838026699082510053769601110189891077219348858907531
50388961732154915123189095049398490749906567179059150012995059371621366892688
9914521252418262586427849379901368389762550621889217499450055826293892087170
27791808749194986588893131453289264760453151837770628901735833641289542582558
28476713783305818925328872065369834897888158755012470009500286666222462727527
34004650947126758908452050734813789816785380359726631296609605587925017257553
34531921021779294775097797996532340152798241312914645519193663430090489901381
51425606129560215215323738529026009708381576040275096406923678311022854218311
15226531408314691597322462741805683692519685178127597234426477119855041540669
49701575426664213914319342137590825531154456782159374213065845121788145938542
20304669393513117499173872303813457164564705474889642941456878459689957870674
28400036658463827210834669052430327070294188995713822714908558250986293541063
27958465371838703268243869502153645670423320340847555447057624977562274820080
24912437624821688539494669853581817177110498008313873528938946527141576932951
8173489364919059627019829046702321624414622431529340156446869007026256213321
21317152898497283092629853454086449847763058565120133906265015444884613207177
44332072078528954563104782230498565298672992668380092513889967386997333744621
225474432117735091199239953864906840621281406447767224978034910004801050728
35929295686394138917102437995789700004844005723120984525926717164472614502299
29022509473314402066401727547312182467228559522113393547276948285878941747510
14018528003203384661974901838038367992148405672261911704137441738240910138722
23360163377094743495689574323120518210179560695191703463282934724235604926627
48889661531015580249037171987329040931204797244817601414198026413548505711214
14150999704135387231181937408635323212684041684112050139400116644987172539443
34912723019103623237262836799326104468053824192332370820391794339731725105672
3042455180331791676969357393903460011137797709099970715164786850146574399194
37456536482173814226113040563009580258391292584997650914197722825454527468814
50649098663861298180849612322125697979623281680345641721464368048897677492901
27120972423622749402030772396833353161326803877535778951325868861152053843649
3903583105122098205224439254464247228607650299325904077378842919703007021704
48002750484145547556319969019107068891282289378626142223186157174668014596593
38745035030026153894163289838439162665975082376258593936768333592576045671595
25478995934057524666702654875378639689972848337286599762959257868647694307760
8454706473498039020545091305151595646413784357052084212205241540564235950917
50311833819277481465914968374683503569880895405111212408510888911630253579242
26549813090291767754003017326305869640433610321286033123686099722136019693348
1392524193435857806039248433057013349941481344313538349164071190618459785505
13377484736553855572844796998259528169156800586186205056226521990908523297370
43285407807247772722109673618913915962037075157721618033711358063055502654246
17197015266566499111570123782506455962675322535333778876094084899100340448158
4156773506348872557768340581714615485007850725776951831567701242712632414643
23649612568749982928934965916236503592360924715393011267271872500273552435538
33966917947131786716083665574300130967960255597170267078541494790255258924067
32347141870042830633188844019716525013958662230337688579107950486979769963172
37034864287562171039647203358675196118219589397896005952462036420137522235137
46848033533561283105386027077546788462355308812266224314421079712725045907277
28934432814107930989577956506291259095573152276872259837271386054541768737127
46274748264434782833442598138648201117263303433165844110852977063043297927016
23461886426105387379918441056723331405421479212866238390279726569764759973038
51867624196877871870879822175226573743240055437910335750611933755297141012253
2288649154459488213502124428743369983384187983821163656142584056149200857425
30392122464822060131128683396526992104696213487516598988330721851111456770335
9987107868022918559994220365459940726503042437897132647448000644530365799665
51235584259457635392451688331973517176525107754084694574271421148227758849704
43062651101861443882609865560515241731089804278174581083430221842252153416981
40303176639083895058378842237285928370616423859830801771649052201162860565749
7621833250989522761233273553609010971935349459151336414622864112038582750847
3349394231235676775860288144065973114404001647288793522627132284201830147690
17876854466364273757804942531929273390399298846829486174849199958022612007904
32443136909022735377572622929673895983380473059470807312913082975505663981577
22113287202074907494096010811135708630323940458430858185514254616971091408784
44343031335266225775285644746896473827754539729459727493435292677886196134469
31906889045639980500950206916669920137970693054215259385563379399775294337616
22958247408479187380700510693003546363126644542739644593031895483084841159541
11367088361880014348978365166993525572452061517993152214030305716833719402653
19010995039991095576201053567446648560536071664147926989549817660514113508046
24188208107764240353012818710649116081263575918978822241410856495650759437995
22490954592196709662140265048160541082250808261309268094110715990978368775419
19733409838703858283269639416184402651046473339812622360704022733217296443412
3318575475149388131168804550393788807507069319075888235545873000396459861001
27721167309001691196714627739819881538371455035229235466742857849911315733570
6992726890404098116180666894066727383954195069708978702104503670660652709613
38391838757196422686941337415274358793649608555624221361122109598936767318384
37237934889880659255187107863863579279675779871756933544059371102148101121206
8772877224985144994394382355308698741664577545905792193156300180576530904211
51423616309750417060480133532949623808262947138885828506355044655618143445436
44457469585000008705274150818119701754370556537487306992213825281748346570628
52214991899888569812643702075967008452141478976386142543822787828625965060453
29700050289910866962449347486562732555864085274642827824412565661181690923118
31689427928573985143648973626316845396086291323525144614318869842775745165628
39034813138443834710817243320895138987622891248716977515954193860345419043742
10022009313152245451067397083912350372187520344046715179445471230567170103829
39128917259334623904920965651121535169428142151553497995612032927170484479759
18744780589174601054475889857796140580177636496996467918061259750771318479808
26750653259878492281937106864898712476809863077971436773549248795165010450633
43652852908053031852393141659918953337641648485752474620749418666336293389557
11869190468398696610347870035701471295427168959536855203271005503509583243171
38287405565670173497609748777904895822848614570019855024408181137039386161017
1127535340672258045307628359241292322722476534870542137090830903186325149986
13785598726721382047594145014493678917850459562147101403414791598094443064286
36558475942202225200311867849915292464796787353292975311648151532477326381577
52273043663974384367817900476613373588209165955460826239338791341005936936624
26944316042643303757082606928482019036583763633083857874952028668494420736076
27890696600207115070552736535958064339072846028979789491031718649664383199860
47672313965803355439100995774630967660665656127471093520751440384464505673507
46063070502605913610089344625274138587318406733381159289694943467049182511184
42944080657384683502495137442164773733583043483226198810500780435864839808537
20683219957007696237182800598597656333230661443004338519390115784913372170314
36469771398732357358328685971738968112465744883890953143259028881352138018265
35218297024129340588175529843760039729154809395164172851086859782166210764881
30779013896489378918729616513172334969984435289609013976139556338234519446485
25917280136414746137590829529715118388645187179589562468828959754698914719605
20513838017347762680734747094992360829150762607054497482442740271015777923177
7974840693029481885554236911718802037755773399500273163190660517220096869638
14835220400188549786788749852889825982917289325759030168486236433817455980619
41912720187153014767438495880390252894629855681605621566451390658253583440938
51109039160109015353570948854224269267249282481285823783156965697382309438040
23701495736641504552845993991725835896032494730152269754336154648720594210130
8885015481202568883969249711920166633753626281077203444467136377776028229789
49734449211230761441776257941247604903144383693727169699173093519366605958423
41695899929460045960718707170174859460228405810832665214053427724268974586494
4870262773216103502031097164958609544788457942699262175001656098784547387540
22666946338342685636602452466789817919042448023277838285983875481788185703522
49798151523285652642523990884431258892238169486736542542804344564642250970935
599252205894492145895015061165737528041156409495965347387318902519542869512
33752099853620560646829706464164493219750764898694994799374867552330870896014
36152958317670462792090942815885646828624179277545915393923095799584947088053
49686036486601542325513363419560619384060432433688087930157529416360709295616
49143837289797834306521465338766965844124264618263196539151929417888496912192
44394108092861363627181062117545157310891839100127487236544951777453416319133
41896351847917378801970021851909622538936087394068112729076370561769874136393
25102732563237554016373961801615250186241535376890938388141491841135531496912
35045585899426327789413945713511183426419468631779925716190923911445227606732
19702870794737203840021223016636912989690985645337711947882435807696693927201
6536233211820839007097165076151774020440958060364284579139861804416199292919
20386219092259200036541229932120362370612544006502486717284683364389879654691
16816861754349243627491100560124946876175760401639797934486280517209069347565
41326719954128930497419253896831490615873656810231930290503203803664749511414
6420558691386197172047526024994717556027344511776206002296214792768987772938
12067680455990047411863751817411034612323424368462504538184813855745342074152
6979221584987856350034859799075560234853479169912335027567794412480765105704
47032271234853311170513038551284296877768986138575294758823173681470323888634
12031147821854743422665818756395747331761387380937188142446337019020805281486
47301023643234504899956008619846508185859234316405408704626954393017277613314
30272719161885277869833564988556175649839878566284866053125341779403448215053
37225017161904472301761523298238243821344931021943890109060838914723655584269
28961947798278251290767357759917715337070961512427092009260262383075852697347
7167755590172872609346128782553801308516356247700206653502995760768230163736
38605436849396068453314445861481055506513228958765815744960840085411573205149
26938230043692517734151560308244957756382924890363110981628855399859738661526
13317314021970954380167294529063926891712850000254311761089136574031317482129
36130570729479683639701551559865630355293888208609623037626456752849992236390
43055760682589901221807034135706744802307770929575888817388593767227041124065
2469414299550360119738135999876673909754776572576281222496958328695455248683
23580034743804403142046597451179710476855458161587640180873485214038217702337
44215068135798345305466648352284053441277595278373954547656980755475737440347
30683877486881010792865213506902411403303722749473420025295533756538762317699
30457303233047684067225601287507469586566831451315723372294640428699152291330
10605983959419969965644216550081533230853881359612531293563400667154373107269
51742359669305989106150504453139100256934766620202830551471657477882123673254
10115725433191429779773042836949956104379512581135962879360835934126079936685
39012157810345033557274801055959553436854680012697495371349359872006084129888
25486016335581962108214343956434489651652695798040488633299017460740919600646
21861891126487497466356203625258235386040462406197218620061360967681601752036
27698090051779508867164429519310596925448635409478271562820715152205733723659
16476963814610889872046689990354325018975208335310792214887627681329633185151
15802619370422245474749675998578507825322692340828284319083717792880305883605
3204667986620029734770613334882465111621886707107399316849426158738349290406
51384752182898902451146006152964482774944359648327030317735058941699273689941
15862050052335358792001911050933580698013960256490367474156406193463048206539
28613001136021776369905845580702868639789003686943712218955230980250167582329
50204631613312756164729653693547698130528775177828511822699572551311744795792
31784948165323707874929754855644217307549591529857664494772136090147233827793
20810488223830786257578249894769637902279351534959296160030954474687241249639
48413753400807561782625387592590658703116756929878310591749286400346797956790
7605585753003482435046568949473980283876656749367783743367839573503070236343
7264920703042283207134029134970419309970061344243732210922235029051864187778
7898083431564831090256220718357735363970591551761690444058925187604312882613
6559975579433699374195663741336504680389755027932567456924513960506921939691
39104636497621304363253208882767672987794339580532018269305015987749423843857
23989745723884783754892585502541603274745976963469149780529842506220347310365
4189335249930532306055352031484243392448746098785519370575767732383024889233
18408907206694589085581872437446624300386987611709725755946846961194631421188
33738225391066227401078877035636428309294235695371297260514707605558038447477
34810228917235520063631903731384472713017909370699361119102442785322086568162
15888585227487073308110665978320637131331175263704390321321566850605246635017
26890278891889744372682184148300062051639892140378294961876274861190007377031
48470129134966289085032748989029978889348746064149901725849184387033211589994
33485801045111586657070200127536771189074500769724399075903716056946988952286
3687824074748888773955310163290411545354250045018246356244925615997336529403
12020421099984013286839648480016961391096472816987598770227337826100546046878
42221231040557439324597543639785414686261925802241052924000299940255442144795
42925840689101598899013267303449418628934141068095124846859593810204364745831
16630650386375741273136923810836792706998220153031582287831271728261243747168
35801264305008536495463687485703325205532069805625072844354609315700496561881
50215690303817409958062972009045906945990850660996798062871389393134933306596
10172511319524574859294212022058988818033509983075124182415104640720803722528
52172606303157819683887325548069165612648727752567867328330378484781413231262
93088025476347832770010413537667426246781501594230781263502604484817494585
51618334458002299672446381259516211903154873155089369710669043359295327602399
22851981568607083953267268670065167621575255019241430909155663298359697838772
9042151517027079239388364493690566383479882835360030868071318428184229141888
39804395720346048922781042544887262616264679199691605341371952083932984485565
14151882327863945786071629724135641227209931488363117069413983718240371284203
37003222364516897294007191782252365308051830176783401428934136618322036257345
42377861440721760884312087346908071018212452615257433544998715931244336312769
21528549051241536524354171693600274220068102803676490294287231125692359191485
34290279050942563543800643656575814579695747932734380839301376700585492062799
9235972757096627243801142550440733157536822160299348332547398282539270109692
4698885070768396003889337606790084038595162374166731712167584195488171686146
9417359418754412173296992931517203187311949666480714047540391996406196119294
19268600479420193215004570492130949062401419149541517652715370544093061393018
11952882114172427194304074872694353607996672131844205350309716348292434417110
39793767226777229029266077010733258395683326097691445613467217988326565835991
38694158220282203247447696829355006102314596123226880877566311288345989644957
4751097974062620406875235294152240634607504487094812194545048207641556882982
46500634288493065451391751425983593615220367395381296007330033452035443366989
23476215837400802020911637659707239960589558504037433434078094348509476702227
34887868596607200506863577006923710949188091695614915747824298398072220905990
26486403070770392988693467398209704243870529594108964772993652305262531352234
38537170757930544321081361607211145901599916283793246047020648772984470241472
30199316847406810877593625069123471323761193156247045064371772152276986898005
3594692996155951093282109181706925254321584534645511236810063240965286833639
11644879321110750904979720955882677623848396912447887200879467995598212356748
13877456422759482989267327532315591051554046142434358628761688082396023691343
31439710942293765972335607503875934790771327366178312574342545800012291196274
33054117090140640269356425261471873443373073520840119881651062345812094889052
12426843816249356216413876432619887851980992445906411757690384062764917897837
8482855898867717213623094428712962779953918407445094221555742973861873621819
15453848322717666072180915425910413879997820200717933297867184816526250996549
11940283907907052362610192302144039868301085943682640786445793122086604440524
25293077931897478482903714973526645469394286399296726549580245287177084350471
40849779428923265417277860032745076129127724993553971154614067740919745164517
48634120364814966959302983492668052973669807095028143935692676040527294103672
8004378356187169548879656327598700812958718434390928761586980848731118215015
31424183636591626885615244240971500390666124532816299071022458995408287503840
16446499454544355981565375175614322916366015693156981410269444651871705615511
42259956483739082851991050608424471688956563701313609481216191403523569839840
6045497265599566279560150806897380324954263626206224504236297575021552695464
36459730081940065620826287144080811444314933185309375107031677877562389466486
33072700272475937536694087986284154263357195310086802972447929057220450398032
33474011308721689058418589361570445481438794620206784530587675259529101353333
44769887191410594798498512354339207857401557248253454114132541248846721811961
12591331998731484653254930429428926623826836337604520031529034095042076203635
23746556070447440984614719854931165269906256928042734147110206658454070395213
6963399105535931170307069481449077139354389024067828555167800167352670000632
10211032644209857433720628698596682675792640202601050907909585861915981420147
28420869701401220578819717304205386524287129267951742318528551371556739011051
47036097853226125604562522378930427655110325499627458204052613994236730941213
20341000109763036711388362359010745444947838411945150349808172083054004900249
9795513163991116709348458332502119202578638016610286841391215529630874874467
37174432663117968223355276200790133452365908220452758348792089375736615850756
45147592297552416028970314080817647451018946550989018485034740021853133331298
21993471438381860632530839092556116095202895575431957116835299986781243082706
8914940673846061700480919111598244550541464991230982667343256008003874958458
36239191576762420746005386054638790295468104043090267366807061750130171654755
8556772699328548314974998209390921860214742470569566910428352359024416540654
12650303768157740180816539686819514512882308471194356937332663408004366336948
34675001858642033611496688013757881470273259164147979070787262111173760490931
47214416365677570753517675854973930960413105204822299093005898886424382010269
32260923607822581022637325315817550939385879632816125460182953480059432299638
9722890083324640736003976284888740327314404631573940121178456744867730398434
27385638269015616570053223430522519994362941472549599476936260599345527809143
21319356619478110249550229681535184877535926336288448510167061662643231332245
45119633161958083935711604345832473931312107266212994116532033729506271749099
41504913326602660825987003240128542737386667221714936509433445724242965154908
38784099022284878668883850443318894432120257129605586248058421126463262186447
46127611514142518422848456752439622030690259928168656223861398313622374134655
12969786169260928968308762526196465182932600422367099490333830114794135950220
22332283515739858022414985010035447406676553683198042487222882769137759466245
14527561967172983471671256841127606762180528118757484318526983437737424320769
28322214504293297351259799280781806790581798919796773934669388479847498974960
14530465073292934640847500005887850030656400504424549874407693594143513121931
16823994129197601182596066662588676019100416292089944785935390374698272805374
35543953417725634910782107073862118534590068385590619978364707336916994733932
50365538476409388588666936136701833849115011795696511852051228108909661037850
40770150525344074361717206887599973228283717875235422075076969650233983805731
37754923665867071538743565889358614233079811564174081330990089720142325307947
22036971072082079609957487181867567374635034357602907498183373453645732243842
50525293723912767941402988445407198695607967683896871276528170467956954538092
28879029988627592747351018838907865559910708223587891443832938831835587622357
9197248403158546906617901429202174108640011198672659134039050666843932699546
16457410712542753439966647790544717684579029578250384372377784670061766914785
31440487204595020410884988560178830125125014872547259810142224732165449403793
31247070414477868864501252162551983551597218561439914219520397051434597820710
26471861587360644090963189814710263760789502445389801653486585261457799407130
50145280196122554275429564661388527785407336519549025464241094158778219992611
15679098218080844143735245317705142644317090280319640935083328569255933286627
21693397789968326637545837034329142690119772035960084904386836720330657611912
15236832402908986406645923008174752714046497341312638181962943293386195095986
18207190931822350858334024028794066574005294058974713608192394971945589975756
13453474558003665578737609672617383183627173692163952987439611165029155276875
1822019291512264286305609070046116171855702090795319463678880374878699552281
27214952911221318817757620892886929987351042147471005572364135666382535608336
50804978133858858527222777737236353664329007870510951099442425916635311257914
611165648310824532582744126027197530080644571057200563843113246211280732012
42441496853112164243748612237373281243098789434987222335718416663428638978117
16980008036401026351944268009070172750637506575187774940169448592455780986973
32906591126694139419012174045423403313192709823029714578283113944265961091581
10670553062330188275313503963814159845354551639734996312670979166879889191961
12685548718538067763423706198564491578073303975738904579621030853064378658725
29759921930817681223252040492201087882518558606081851063493943344113003137855
2708316596264292642605989974279978390098528128100064894203066371301722782688
27577174583023092153437156613641970871494248683594747257383791749675046482230
8517094261472099566079786721811192986064314438350705689053868865567941334666
52290311572420176755418221880462899485257127246560000249400274231457312348875
1308358105165135363271276726868872057470945941946857002769580875047120907614
5916440258607947350791748129573847849025975269585842334128900912124415657111
31329363434934386553262682285232555403040561702742850097568057802335189690902
