31461525105075714287668644304911579502614331500316582693562195219963148710708
43696562645938492066206450423488304864742127083773031518836382249948817653761
14981678621464625851270783002338847382197300714436467949315331057125308909861
45881390778235416669516772944662720107979233437961683094778201362446258536449
11652416705583597884321720112930214630597900555672808405023035266653018041003
43696562645938492066206450423488304864742127083773031518836382249948817653761
14981678621464625851270783002338847382197300714436467949315331057125308909861
45881390778235416669516772944662720107979233437961683094778201362446258536449
11652416705583597884321720112930214630597900555672808405023035266653018041003
15730762552537857143834322152455789751307165750158291346781097609981574355354
14981678621464625851270783002338847382197300714436467949315331057125308909861
45881390778235416669516772944662720107979233437961683094778201362446258536449
11652416705583597884321720112930214630597900555672808405023035266653018041003
15730762552537857143834322152455789751307165750158291346781097609981574355354
47668977431932900435861582280169059852445956818661488929639689727216891985921
45881390778235416669516772944662720107979233437961683094778201362446258536449
11652416705583597884321720112930214630597900555672808405023035266653018041003
15730762552537857143834322152455789751307165750158291346781097609981574355354
47668977431932900435861582280169059852445956818661488929639689727216891985921
48066218910532341272827095465837135351216339792150334670720020474943699419137
11652416705583597884321720112930214630597900555672808405023035266653018041003
15730762552537857143834322152455789751307165750158291346781097609981574355354
47668977431932900435861582280169059852445956818661488929639689727216891985921
48066218910532341272827095465837135351216339792150334670720020474943699419137
44368817455876007328763472737695817247276621346600308926818480438409568694588
